p,q,f,out
86,556,3,642
56,513,5,569
982,389,10,1371
620,425,4,1045
916,285,10,1201
521,665,10,1186
343,900,4,1243
78,702,3,780
708,240,2,948
189,141,10,330
71,598,9,669
609,125,7,734
665,350,4,1015
24,855,9,879
852,519,7,1371
485,73,4,558
736,647,7,1383
717,396,10,1113
492,864,7,1356
344,709,3,1053
835,113,4,948
608,974,1,1582
542,502,6,1044
881,276,9,1157
205,312,5,517
591,949,1,1540
705,322,8,1027
867,939,7,1806
831,844,5,1675
414,445,9,859
82,462,3,544
507,589,2,1096
793,835,2,1628
919,776,6,1695
972,638,1,1610
37,386,7,423
111,788,7,899
67,669,8,736
447,145,1,592
582,780,2,1362
124,621,8,745
83,392,5,475
241,942,10,1183
922,60,9,982
677,920,1,1597
534,849,4,1383
760,3,1,763
351,750,6,1101
739,573,4,1312
100,206,5,306
861,481,3,1342
401,482,8,883
958,131,8,1089
174,405,9,579
829,857,8,1686
866,122,6,988
943,268,1,1211
758,337,10,1095
960,2,8,962
883,126,6,1009
328,6,5,334
402,693,7,1095
577,856,3,1433
339,129,7,468
553,222,10,775
277,770,1,1047
593,669,8,1262
878,911,9,1789
997,381,1,1378
988,910,1,1898
318,528,6,846
373,603,7,976
91,247,9,338
602,488,1,1090
247,620,9,867
32,700,10,732
529,632,9,1161
365,928,3,1293
108,892,4,1000
188,84,1,272
234,575,4,809
34,204,4,238
682,775,8,1457
316,987,2,1303
449,305,8,754
72,655,1,727
961,2,10,963
767,158,1,925
593,917,5,1510
826,413,2,1239
754,489,5,1243
723,44,9,767
609,383,9,992
803,922,8,1725
320,766,9,1086
654,349,6,1003
365,794,5,1159
304,381,8,685
81,230,2,311
310,647,9,957
25,391,7,416
261,938,10,1199
712,92,7,804
435,112,9,547
455,121,7,576
417,234,6,651
540,47,3,587
886,801,2,1687
105,687,10,792
691,589,2,1280
324,369,1,693
547,610,4,1157
828,496,9,1324
968,623,9,1591
231,894,3,1125
625,546,4,1171
74,970,3,1044
187,344,9,531
284,854,5,1138
6,551,2,557
303,743,10,1046
485,85,2,570
756,246,4,1002
693,792,7,1485
856,491,10,1347
739,502,9,1241
33,370,1,403
833,491,9,1324
144,658,1,802
584,780,3,1364
433,509,3,942
292,189,7,481
282,7,2,289
359,524,7,883
46,351,2,397
340,918,4,1258
37,481,5,518
108,426,7,534
483,142,9,625
782,454,8,1236
894,878,3,1772
414,961,7,1375
438,162,9,600
289,33,4,322
328,942,8,1270
563,417,8,980
942,469,3,1411
399,483,9,882
802,311,1,1113
178,10,9,188
948,353,6,1301
339,771,8,1110
548,181,6,729
886,170,2,1056
149,488,1,637
901,776,4,1677
730,457,6,1187
483,929,9,1412
164,139,8,303
895,421,2,1316
815,104,10,919
361,300,7,661
385,424,10,809
399,995,7,1394
653,571,9,1224
949,606,6,1555
839,329,4,1168
138,260,7,398
677,50,6,727
943,561,8,1504
908,376,1,1284
698,421,7,1119
453,516,4,969
495,372,5,867
47,973,2,1020
50,439,8,489
273,369,9,642
380,18,9,398
142,219,7,361
613,247,9,860
73,355,6,428
367,729,1,1096
26,173,9,199
799,492,10,1291
216,777,4,993
763,235,9,998
788,937,2,1725
937,671,2,1608
296,733,5,1029
897,0,9,897
953,554,3,1507
680,498,8,1178
293,596,7,889
684,434,2,1118
793,225,1,1018
274,863,10,1137
824,478,10,1302
501,987,4,1488
495,964,10,1459
284,77,2,361
0,723,6,723
752,953,8,1705
988,780,9,1768
626,280,3,906
289,722,5,1011
255,630,7,885
406,79,6,485
244,14,10,258
639,920,3,1559
277,756,4,1033
557,770,6,1327
826,645,10,1471
76,274,2,350
644,606,10,1250
637,936,8,1573
872,192,3,1064
227,622,7,849
964,106,1,1070
99,891,4,990
760,756,1,1516
999,327,3,1326
160,880,7,1040
270,70,5,340
551,868,2,1419
148,283,4,431
935,18,1,953
673,32,9,705
685,731,2,1416
610,878,9,1488
148,106,9,254
331,176,4,507
808,439,7,1247
18,981,10,999
712,998,7,1710
367,703,6,1070
50,91,8,141
926,866,4,1792
609,22,6,631
768,651,9,1419
626,498,6,1124
663,69,10,732
507,642,7,1149
207,558,7,765
142,708,8,850
281,766,7,1047
442,755,7,1197
706,801,10,1507
769,237,5,1006
287,760,1,1047
767,415,1,1182
535,178,4,713
845,760,9,1605
746,858,7,1604
128,750,8,878
583,573,8,1156
645,828,6,1473
476,93,3,569
114,884,6,998
197,101,5,298
877,96,6,973
314,167,4,481
74,143,8,217
969,951,5,1920
393,712,10,1105
663,430,5,1093
650,136,9,786
730,164,1,894
947,967,3,1914
274,856,10,1130
719,108,2,827
223,566,3,789
345,591,7,936
923,63,3,986
962,438,6,1400
181,297,9,478
543,965,7,1508
425,182,8,607
798,567,5,1365
889,411,4,1300
658,853,8,1511
437,286,5,723
604,704,3,1308
144,506,5,650
288,540,9,828
233,961,2,1194
623,933,2,1556
871,557,10,1428
825,802,4,1627
624,501,7,1125
855,246,8,1101
183,727,5,910
44,629,6,673
758,392,7,1150
211,391,4,602
656,765,7,1421
798,287,9,1085
461,152,3,613
15,277,4,292
22,462,9,484
880,92,7,972
670,511,2,1181
70,850,3,920
647,620,9,1267
170,445,3,615
247,347,5,594
235,583,3,818
3,195,9,198
120,890,7,1010
761,559,2,1320
62,172,3,234
930,561,9,1491
347,314,5,661
194,871,7,1065
898,581,7,1479
359,258,5,617
840,661,8,1501
242,908,5,1150
972,966,4,1938
618,83,2,701
951,706,3,1657
26,636,4,662
219,792,3,1011
16,448,1,464
915,1,2,916
81,330,8,411
369,996,7,1365
687,969,4,1656
825,670,2,1495
928,172,9,1100
263,379,3,642
977,478,3,1455
181,105,10,286
85,427,10,512
506,580,1,1086
927,49,8,976
837,290,5,1127
189,479,3,668
59,756,9,815
161,532,7,693
120,191,1,311
474,126,5,600
375,8,7,383
900,942,5,1842
964,681,5,1645
350,705,10,1055
659,561,1,1220
549,299,2,848
283,489,5,772
223,756,2,979
826,465,2,1291
474,464,7,938
821,909,2,1730
573,249,3,822
857,387,9,1244
795,417,8,1212
461,374,2,835
748,562,5,1310
713,156,3,869
340,792,10,1132
310,50,2,360
78,318,6,396
591,379,1,970
117,873,10,990
489,624,5,1113
47,444,1,491
64,171,3,235
249,574,2,823
729,554,7,1283
743,791,10,1534
364,486,6,850
837,895,1,1732
195,908,1,1103
538,305,10,843
4,190,2,194
820,16,5,836
804,202,7,1006
683,882,7,1565
885,629,8,1514
869,603,6,1472
794,827,6,1621
207,841,9,1048
749,132,3,881
215,704,9,919
925,231,2,1156
241,653,1,894
2,891,2,893
233,759,10,992
956,963,8,1919
303,486,10,789
622,724,4,1346
180,268,6,448
550,382,9,932
140,578,4,718
680,244,3,924
999,779,9,1778
410,659,4,1069
867,577,4,1444
272,136,9,408
67,459,5,526
99,110,7,209
265,956,7,1221
123,994,1,1117
460,310,1,770
732,919,8,1651
171,735,4,906
730,382,7,1112
22,70,4,92
75,363,5,438
650,890,10,1540
37,197,9,234
252,875,4,1127
27,953,6,980
697,921,5,1618
902,122,3,1024
724,372,4,1096
114,530,8,644
101,597,8,698
589,708,9,1297
180,934,2,1114
69,91,2,160
667,349,8,1016
18,631,9,649
607,656,5,1263
201,688,10,889
633,678,3,1311
189,922,10,1111
157,407,7,564
707,352,10,1059
809,70,3,879
692,65,8,757
303,586,8,889
0,701,1,701
670,860,4,1530
770,279,3,1049
684,128,2,812
769,56,10,825
718,213,1,931
571,335,8,906
876,661,10,1537
11,140,8,151
14,434,1,448
328,854,2,1182
356,656,10,1012
652,261,10,913
205,269,5,474
741,647,2,1388
277,362,8,639
322,781,10,1103
992,757,5,1749
481,454,9,935
547,671,9,1218
380,516,8,896
821,833,4,1654
298,199,1,497
693,547,5,1240
199,529,6,728
570,572,5,1142
125,94,10,219
624,8,3,632
771,203,9,974
880,415,4,1295
71,139,6,210
627,633,10,1260
273,444,5,717
274,869,10,1143
644,150,7,794
175,930,9,1105
676,263,10,939
713,996,3,1709
459,604,9,1063
740,991,3,1731
321,332,3,653
506,979,10,1485
852,533,5,1385
932,941,1,1873
549,772,7,1321
140,679,1,819
648,527,6,1175
763,592,5,1355
805,86,9,891
165,825,1,990
213,726,7,939
267,933,9,1200
88,70,10,158
875,164,7,1039
642,918,3,1560
586,726,7,1312
517,325,1,842
239,895,3,1134
917,348,5,1265
155,48,7,203
79,110,6,189
977,683,5,1660
358,505,3,863
576,451,7,1027
666,464,6,1130
709,596,8,1305
497,756,2,1253
569,571,5,1140
627,778,10,1405
387,169,2,556
688,996,7,1684
435,606,6,1041
565,514,2,1079
211,841,9,1052
92,356,7,448
256,479,4,735
980,16,4,996
144,717,3,861
836,849,2,1685
20,206,7,226
71,559,4,630
580,448,6,1028
220,34,1,254
309,394,1,703
79,385,8,464
79,531,9,610
795,757,9,1552
666,4,5,670
135,10,4,145
668,394,7,1062
937,202,7,1139
790,98,10,888
588,892,6,1480
671,100,4,771
527,569,9,1096
896,440,7,1336
565,973,4,1538
600,885,3,1485
248,365,9,613
632,297,6,929
644,84,5,728
751,688,10,1439
258,743,7,1001
22,918,1,940
737,563,4,1300
332,309,1,641
77,73,10,150
227,821,7,1048
873,57,2,930
377,839,1,1216
360,486,8,846
188,419,5,607
660,155,5,815
140,198,7,338
968,929,10,1897
771,871,4,1642
798,143,4,941
993,833,2,1826
591,38,3,629
28,767,9,795
64,791,4,855
223,355,3,578
964,770,2,1734
976,328,6,1304
390,720,5,1110
758,636,3,1394
833,891,3,1724
428,274,5,702
52,921,7,973
284,330,4,614
82,773,9,855
566,516,7,1082
279,502,4,781
848,586,6,1434
140,401,9,541
301,53,9,354
998,542,2,1540
591,962,3,1553
725,473,1,1198
211,298,9,509
611,343,1,954
841,307,9,1148
15,833,10,848
465,766,1,1231
734,871,7,1605
148,446,9,594
907,656,7,1563
494,673,4,1167
478,522,4,1000
763,681,2,1444
65,333,10,398
782,286,7,1068
395,102,1,497
231,888,10,1119
698,973,6,1671
787,16,8,803
114,406,8,520
123,677,4,800
691,457,2,1148
830,19,2,849
491,282,10,773
460,322,1,782
660,762,1,1422
629,42,1,671
321,56,5,377
166,994,7,1160
787,425,9,1212
759,141,10,900
693,635,8,1328
118,142,1,260
210,252,7,462
165,823,5,988
140,362,8,502
460,29,8,489
748,612,4,1360
175,908,4,1083
134,750,7,884
845,149,3,994
680,117,5,797
617,138,2,755
612,58,1,670
292,341,3,633
450,505,2,955
60,246,8,306
736,61,2,797
387,675,7,1062
257,149,4,406
292,369,9,661
498,39,5,537
959,582,10,1541
667,319,8,986
742,167,6,909
357,297,3,654
172,168,5,340
812,689,2,1501
444,876,3,1320
300,801,5,1101
371,454,5,825
569,22,7,591
49,74,9,123
374,941,10,1315
77,914,4,991
775,625,4,1400
352,711,1,1063
761,426,9,1187
57,958,3,1015
702,408,4,1110
404,493,3,897
983,424,2,1407
734,669,5,1403
89,948,4,1037
327,528,10,855
937,989,5,1926
723,226,6,949
540,372,2,912
332,284,3,616
730,846,6,1576
59,713,2,772
223,592,2,815
42,511,2,553
758,766,6,1524
499,529,5,1028
759,289,2,1048
762,462,1,1224
157,460,7,617
631,707,7,1338
532,16,10,548
133,57,3,190
768,773,8,1541
340,392,3,732
773,184,8,957
210,395,6,605
858,831,2,1689
533,940,1,1473
161,565,2,726
859,398,2,1257
56,612,9,668
743,484,1,1227
765,320,8,1085
712,21,10,733
298,880,8,1178
168,111,2,279
257,526,8,783
697,103,3,800
37,170,5,207
72,574,3,646
865,970,9,1835
373,546,10,919
605,384,2,989
436,414,5,850
486,81,5,567
771,56,1,827
53,147,9,200
56,80,4,136
547,69,3,616
77,49,9,126
10,124,10,134
59,855,7,914
991,147,4,1138
484,468,4,952
41,788,5,829
640,383,10,1023
535,643,6,1178
454,496,8,950
675,306,7,981
782,647,4,1429
718,370,2,1088
759,566,7,1325
274,554,4,828
341,943,8,1284
182,550,2,732
173,249,10,422
115,310,5,425
30,301,1,331
150,966,8,1116
269,47,5,316
335,34,3,369
814,868,6,1682
501,625,10,1126
349,799,7,1148
537,115,6,652
365,52,7,417
783,730,1,1513
69,858,10,927
29,156,9,185
505,239,7,744
149,684,2,833
529,719,7,1248
693,894,8,1587
922,888,7,1810
823,369,6,1192
503,896,3,1399
582,122,6,704
349,920,5,1269
353,416,10,769
513,136,1,649
972,759,9,1731
967,281,10,1248
820,112,8,932
902,993,10,1895
810,931,3,1741
675,967,2,1642
339,251,4,590
708,724,3,1432
669,227,3,896
166,938,1,1104
489,740,3,1229
50,339,9,389
623,411,3,1034
382,586,5,968
910,255,1,1165
879,4,10,883
177,566,4,743
132,662,1,794
857,812,9,1669
91,879,9,970
987,140,8,1127
669,561,7,1230
773,70,9,843
421,387,9,808
862,869,3,1731
859,921,2,1780
380,687,7,1067
603,635,8,1238
350,484,5,834
332,292,10,624
304,393,4,697
991,395,4,1386
252,64,5,316
528,680,1,1208
422,829,1,1251
546,347,9,893
781,511,4,1292
468,656,2,1124
609,508,8,1117
75,763,3,838
735,147,3,882
620,316,5,936
989,128,10,1117
387,863,9,1250
95,4,1,99
765,815,6,1580
180,470,2,650
817,589,3,1406
834,745,1,1579
650,650,4,1300
183,517,4,700
679,781,9,1460
925,582,6,1507
418,616,6,1034
118,523,4,641
347,529,10,876
447,623,10,1070
91,855,1,946
200,465,6,665
704,51,2,755
815,607,8,1422
692,54,7,746
692,44,1,736
884,753,7,1637
34,864,6,898
135,138,8,273
985,295,2,1280
571,836,9,1407
879,603,2,1482
624,292,9,916
312,5,6,317
279,374,7,653
544,652,9,1196
654,376,5,1030
374,417,8,791
465,444,3,909
119,67,3,186
785,764,4,1549
416,451,3,867
530,264,10,794
642,814,4,1456
942,777,8,1719
291,555,5,846
398,459,4,857
615,113,3,728
649,105,4,754
126,575,8,701
248,976,8,1224
38,75,1,113
175,980,3,1155
837,688,2,1525
39,578,6,617
282,167,2,449
222,679,6,901
927,370,4,1297
218,7,5,225
657,75,3,732
80,510,4,590
891,441,2,1332
94,434,3,528
58,909,8,967
256,309,7,565
831,502,8,1333
777,990,7,1767
834,912,1,1746
435,731,7,1166
951,883,9,1834
161,741,5,902
474,791,5,1265
46,220,7,266
451,322,9,773
618,141,4,759
615,369,1,984
87,744,9,831
146,899,10,1045
25,251,7,276
703,386,1,1089
969,526,10,1495
312,305,2,617
296,365,8,661
399,389,4,788
906,738,4,1644
220,899,7,1119
525,550,9,1075
305,393,4,698
503,818,2,1321
604,609,6,1213
845,428,7,1273
11,262,6,273
586,209,8,795
264,291,4,555
677,498,6,1175
396,831,4,1227
380,244,8,624
614,361,10,975
908,860,9,1768
301,27,8,328
779,759,7,1538
249,812,10,1061
216,434,3,650
640,754,3,1394
359,49,8,408
2,707,9,709
271,4,3,275
757,645,1,1402
75,323,10,398
457,879,1,1336
681,604,3,1285
937,289,4,1226
87,247,10,334
995,514,7,1509
656,820,7,1476
27,130,2,157
143,247,8,390
98,895,9,993
13,834,7,847
714,891,2,1605
521,479,1,1000
573,862,10,1435
127,445,2,572
562,868,9,1430
879,208,3,1087
253,618,9,871
159,783,1,942
458,731,2,1189
114,876,2,990
428,416,5,844
892,253,7,1145
55,181,2,236
231,103,10,334
130,11,6,141
467,18,9,485
866,791,6,1657
554,753,10,1307
412,547,4,959
326,18,8,344
633,774,2,1407
851,644,4,1495
260,144,2,404
858,931,9,1789
828,668,8,1496
817,98,9,915
129,854,7,983
942,848,1,1790
398,684,1,1082
413,382,8,795
471,820,1,1291
616,190,9,806
609,142,5,751
486,324,1,810
180,185,5,365
707,712,5,1419
784,371,6,1155
44,188,8,232
966,488,4,1454
140,996,5,1136
798,307,3,1105
947,219,2,1166
948,245,9,1193
732,842,3,1574
728,960,3,1688
765,955,5,1720
564,647,2,1211
363,78,3,441
220,315,6,535
201,348,9,549
359,578,9,937
932,651,4,1583
19,412,8,431
54,628,3,682
702,407,3,1109
715,705,1,1420
762,487,9,1249
292,264,9,556
930,616,6,1546
884,343,2,1227
934,61,5,995
940,9,10,949
18,881,3,899
426,911,4,1337
464,535,2,999
344,247,10,591
36,865,7,901
877,268,7,1145
618,660,9,1278
344,926,7,1270
139,512,1,651
279,271,3,550
241,577,8,818
329,719,6,1048
410,188,4,598
349,378,5,727
180,331,4,511
519,424,2,943
590,788,3,1378
818,707,1,1525
506,547,2,1053
738,798,9,1536
895,211,10,1106
793,198,8,991
638,133,5,771
602,326,5,928
659,555,6,1214
611,665,6,1276
391,394,3,785
647,517,9,1164
431,862,8,1293
152,112,3,264
472,790,10,1262
974,347,6,1321
13,174,3,187
656,115,1,771
538,32,6,570
150,203,8,353
625,16,1,641
318,355,8,673
698,574,10,1272
861,444,7,1305
499,421,8,920
43,350,7,393
291,237,4,528
321,574,5,895
744,511,6,1255
422,394,2,816
421,738,5,1159
822,44,8,866
593,298,6,891
47,8,2,55
793,357,8,1150
491,805,10,1296
10,578,10,588
939,125,4,1064
114,194,4,308
322,128,6,450
302,217,8,519
689,973,6,1662
102,635,9,737
375,879,5,1254
508,755,6,1263
115,219,3,334
562,716,6,1278
184,548,7,732
81,766,4,847
743,401,4,1144
926,855,5,1781
733,735,9,1468
554,583,3,1137
310,1,7,311
177,623,9,800
485,498,4,983
883,785,3,1668
265,944,1,1209
6,4,5,10
847,755,8,1602
586,134,7,720
924,353,10,1277
856,873,10,1729
544,848,6,1392
351,100,1,451
68,803,7,871
867,738,4,1605
289,679,6,968
916,315,5,1231
709,627,8,1336
571,862,3,1433
15,972,3,987
220,788,3,1008
99,285,2,384
27,643,10,670
850,408,2,1258
284,380,9,664
679,909,3,1588
907,224,9,1131
638,129,5,767
972,119,5,1091
153,401,4,554
122,715,8,837
764,493,7,1257
58,742,9,800
13,539,10,552
489,18,10,507
845,240,4,1085
351,955,8,1306
960,699,3,1659
415,309,3,724
518,776,9,1294
756,834,7,1590
463,869,8,1332
34,892,7,926
317,157,7,474
644,382,2,1026
407,479,7,886
576,750,1,1326
766,581,10,1347
992,954,1,1946
801,469,1,1270
508,277,10,785
45,166,5,211
849,910,6,1759
501,617,10,1118
829,637,1,1466
889,283,4,1172
613,791,3,1404
513,949,2,1462
840,534,1,1374
23,422,7,445
530,576,4,1106
466,282,6,748
516,299,1,815
122,879,10,1001
55,19,10,74
407,366,3,773
814,19,10,833
856,81,6,937
279,792,5,1071
501,549,7,1050
172,935,9,1107
391,329,6,720
731,979,1,1710
641,316,5,957
814,868,7,1682
870,572,8,1442
295,871,8,1166
376,76,2,452
908,789,9,1697
411,605,2,1016
814,552,4,1366
764,509,3,1273
928,350,6,1278
206,696,5,902
869,334,4,1203
990,757,4,1747
638,89,9,727
907,432,6,1339
375,39,1,414
64,94,5,158
799,977,9,1776
703,726,6,1429
401,213,10,614
652,354,8,1006
433,187,8,620
295,11,8,306
789,416,1,1205
817,625,9,1442
348,729,5,1077
179,850,8,1029
777,490,5,1267
924,4,2,928
225,560,4,785
454,832,5,1286
386,763,9,1149
46,458,1,504
382,784,6,1166
162,665,8,827
957,26,8,983
424,426,1,850
893,491,8,1384
9,857,5,866
187,106,4,293
869,725,7,1594
446,962,10,1408
419,513,5,932
518,268,8,786
2,577,2,579
128,96,3,224
154,985,7,1139
855,129,6,984
873,373,2,1246
366,241,5,607
590,544,1,1134
890,212,9,1102
578,20,2,598
117,567,2,684
365,5,7,370
753,556,9,1309
151,779,2,930
797,97,6,894
585,170,8,755
67,609,8,676
621,577,6,1198
852,962,9,1814
344,606,9,950
466,309,1,775
548,69,8,617
820,80,1,900
929,374,2,1303
398,315,3,713
94,35,9,129
440,564,4,1004
805,895,7,1700
621,929,3,1550
675,923,1,1598
342,12,1,354
549,88,3,637
324,705,4,1029
71,317,5,388
965,759,4,1724
545,63,6,608
17,228,1,245
42,854,9,896
789,916,8,1705
619,420,6,1039
685,784,5,1469
44,388,1,432
251,18,7,269
212,823,6,1035
896,627,9,1523
378,557,4,935
491,852,8,1343
342,345,4,687
704,444,1,1148
961,751,4,1712
71,928,9,999
772,91,4,863
988,40,10,1028
258,379,1,637
33,780,6,813
493,282,4,775
987,908,9,1895
85,564,1,649
113,807,7,920
882,933,3,1815
862,40,3,902
492,605,9,1097
950,926,8,1876
181,744,2,925
132,356,3,488
484,98,5,582
462,324,1,786
849,323,5,1172
290,839,3,1129
252,774,1,1026
645,875,5,1520
968,825,9,1793
684,162,8,846
678,338,5,1016
486,683,5,1169
438,31,5,469
187,51,4,238
734,541,1,1275
80,966,6,1046
407,233,3,640
805,20,2,825
339,595,9,934
611,768,8,1379
586,196,4,782
531,333,7,864
963,13,7,976
42,934,10,976
172,641,9,813
975,982,3,1957
680,288,5,968
972,416,9,1388
422,312,7,734
823,658,9,1481
355,980,9,1335
913,633,4,1546
58,282,10,340
819,825,1,1644
810,348,6,1158
873,797,7,1670
104,623,6,727
884,362,5,1246
431,105,10,536
840,154,7,994
208,489,6,697
205,852,3,1057
275,923,10,1198
564,152,7,716
217,808,8,1025
90,24,7,114
621,901,3,1522
211,565,1,776
669,140,8,809
723,268,4,991
554,901,8,1455
743,721,5,1464
521,64,1,585
484,686,1,1170
781,158,10,939
294,786,4,1080
456,688,4,1144
841,356,2,1197
513,972,9,1485
169,235,5,404
151,247,10,398
687,276,3,963
435,708,1,1143
471,54,6,525
847,480,7,1327
77,912,5,989
828,430,10,1258
787,198,4,985
773,184,9,957
569,880,6,1449
550,466,3,1016
441,471,8,912
999,620,10,1619
286,725,8,1011
504,10,9,514
372,3,1,375
54,795,9,849
159,787,2,946
274,755,2,1029
851,718,1,1569
459,578,2,1037
858,245,2,1103
8,586,9,594
108,444,6,552
855,810,1,1665
695,416,1,1111
200,280,9,480
190,711,3,901
560,494,5,1054
944,670,3,1614
390,132,10,522
576,680,5,1256
162,219,8,381
108,18,3,126
584,954,3,1538
133,418,7,551
204,230,9,434
947,960,6,1907
104,27,7,131
139,545,2,684
826,789,6,1615
465,420,4,885
929,613,1,1542
832,556,1,1388
108,8,6,116
632,798,4,1430
418,979,8,1397
332,396,6,728
709,290,6,999
963,431,6,1394
981,499,2,1480
214,44,3,258
756,229,2,985
158,181,1,339
498,625,2,1123
196,171,4,367
821,793,9,1614
623,388,4,1011
343,126,9,469
912,536,10,1448
978,831,6,1809
155,39,6,194
520,414,8,934
646,614,10,1260
730,412,1,1142
303,689,3,992
996,154,7,1150
479,959,9,1438
790,523,4,1313
39,26,1,65
28,443,3,471
521,801,10,1322
1,734,2,735
882,497,3,1379
309,873,5,1182
347,748,6,1095
374,306,4,680
68,888,3,956
903,59,10,962
729,828,8,1557
546,353,6,899
475,535,5,1010
185,263,1,448
208,890,4,1098
353,919,5,1272
583,679,7,1262
881,469,7,1350
443,515,4,958
590,13,9,603
651,845,10,1496
874,245,4,1119
3,116,10,119
561,242,5,803
26,353,6,379
601,253,8,854
219,121,3,340
869,396,1,1265
53,885,10,938
668,347,4,1015
766,919,4,1685
421,55,3,476
311,176,10,487
536,955,2,1491
129,927,4,1056
834,472,2,1306
333,815,4,1148
307,548,1,855
104,702,3,806
62,418,7,480
14,741,2,755
265,812,3,1077
347,902,6,1249
117,956,6,1073
767,552,4,1319
757,781,1,1538
536,669,2,1205
783,125,10,908
984,532,8,1516
466,395,7,861
810,400,2,1210
808,611,1,1419
290,629,3,919
306,442,5,748
309,309,2,618
859,814,1,1673
719,664,10,1383
548,570,6,1118
847,368,6,1215
708,772,9,1480
495,985,8,1480
952,957,2,1909
595,810,3,1405
686,646,8,1332
376,296,4,672
614,84,9,698
892,419,7,1311
829,664,2,1493
780,127,9,907
441,550,6,991
406,578,10,984
941,581,5,1522
853,634,5,1487
711,899,9,1610
253,258,9,511
695,702,1,1397
115,570,8,685
493,26,1,519
212,170,8,382
774,436,7,1210
953,499,10,1452
361,127,9,488
573,612,4,1185
154,841,8,995
36,537,7,573
659,37,1,696
858,179,4,1037
672,413,10,1085
512,615,1,1127
155,460,10,615
920,372,2,1292
706,820,8,1526
338,313,4,651
97,295,2,392
672,15,3,687
381,913,5,1294
125,891,3,1016
397,974,6,1371
779,20,3,799
348,282,4,630
100,224,3,324
944,183,8,1127
359,980,8,1339
920,588,1,1508
578,105,5,683
563,482,7,1045
297,929,2,1226
171,836,10,1007
735,432,10,1167
298,444,8,742
750,254,1,1004
652,243,8,895
333,492,3,825
692,566,1,1258
688,880,4,1568
612,975,8,1587
781,622,9,1403
543,942,10,1485
909,932,8,1841
605,65,10,670
609,464,5,1073
699,76,5,775
1,495,7,496
373,864,6,1237
936,892,5,1828
352,137,2,489
960,179,7,1139
449,175,6,624
130,870,6,1000
644,206,8,850
902,343,1,1245
300,292,10,592
80,865,10,945
845,708,10,1553
418,258,5,676
176,375,9,551
719,103,4,822
804,652,10,1456
859,989,8,1848
39,949,1,988
128,762,10,890
900,572,7,1472
243,638,7,881
379,719,4,1098
185,961,2,1146
606,531,7,1137
441,331,10,772
759,955,3,1714
53,157,9,210
796,96,5,892
917,65,6,982
372,772,1,1144
327,76,9,403
213,458,1,671
904,822,3,1726
197,204,5,401
605,844,10,1449
129,832,4,961
35,725,9,760
769,225,6,994
209,24,9,233
595,791,6,1386
412,330,4,742
71,640,7,711
422,423,10,845
766,468,8,1234
431,441,7,872
284,885,9,1169
144,306,6,450
586,101,9,687
849,309,5,1158
979,801,8,1780
49,486,7,535
972,393,9,1365
702,813,5,1515
871,131,4,1002
67,637,5,704
412,719,10,1131
403,733,5,1136
342,231,2,573
70,257,9,327
126,991,2,1117
288,468,4,756
631,990,3,1621
986,496,7,1482
985,742,1,1727
708,290,2,998
416,988,1,1404
785,74,8,859
726,271,1,997
567,112,3,679
929,846,9,1775
501,615,9,1116
912,816,6,1728
842,629,8,1471
649,751,4,1400
760,49,1,809
988,775,6,1763
696,16,6,712
525,676,9,1201
327,471,1,798
6,860,7,866
761,131,9,892
362,688,5,1050
627,650,10,1277
8,707,2,715
269,14,1,283
707,692,2,1399
408,895,9,1303
661,804,1,1465
996,718,1,1714
55,953,8,1008
141,650,9,791
685,274,7,959
363,85,3,448
289,441,3,730
342,893,3,1235
959,909,8,1868
481,830,9,1311
817,992,7,1809
249,321,10,570
270,10,1,280
213,935,4,1148
73,702,7,775
132,735,8,867
417,416,2,833
808,198,7,1006
360,539,9,899
195,377,7,572
708,219,3,927
986,593,7,1579
976,430,10,1406
573,292,5,865
947,951,10,1898
587,925,8,1512
371,543,8,914
685,178,1,863
821,181,3,1002
836,935,10,1771
117,433,7,550
680,28,2,708
854,913,8,1767
368,77,7,445
198,510,8,708
360,731,10,1091
267,416,9,683
369,68,8,437
215,776,2,991
705,142,8,847
256,704,9,960
729,591,10,1320
198,186,1,384
593,293,5,886
510,751,7,1261
380,164,1,544
874,581,6,1455
556,63,10,619
50,111,2,161
507,167,1,674
918,553,9,1471
843,729,5,1572
945,836,7,1781
860,663,2,1523
305,874,8,1179
703,123,8,826
388,385,9,773
45,931,4,976
247,808,6,1055
882,706,7,1588
362,380,2,742
988,249,4,1237
777,845,7,1622
53,516,10,569
172,584,4,756
606,160,10,766
892,379,8,1271
78,320,7,398
785,360,5,1145
445,969,6,1414
326,632,6,958
115,392,10,507
20,914,4,934
479,610,1,1089
696,553,2,1249
711,82,3,793
889,41,1,930
244,196,2,440
595,436,9,1031
865,911,9,1776
187,976,10,1163
371,410,9,781
11,332,2,343
241,37,8,278
615,53,4,668
902,673,4,1575
33,414,10,447
529,275,5,804
800,396,1,1196
31,231,5,262
573,113,7,686
99,47,9,146
545,486,10,1031
999,960,8,1959
21,559,3,580
169,676,6,845
668,337,4,1005
333,902,8,1235
266,189,1,455
192,395,7,587
956,411,7,1367
92,259,4,351
402,539,3,941
44,467,8,511
188,142,2,330
188,18,9,206
329,588,1,917
56,771,4,827
68,441,7,509
873,647,4,1520
70,977,4,1047
53,606,1,659
537,479,1,1016
196,50,7,246
520,470,8,990
721,0,5,721
994,344,6,1338
701,997,5,1698
59,118,7,177
747,144,1,891
962,175,4,1137
338,832,9,1170
297,725,10,1022
259,512,10,771
681,73,10,754
271,492,6,763
138,763,9,901
418,563,9,981
819,746,2,1565
96,663,2,759
374,634,4,1008
799,505,6,1304
902,606,1,1508
350,264,5,614
530,231,9,761
550,920,5,1470
307,396,7,703
4,171,10,175
274,295,10,569
901,726,5,1627
755,116,9,871
916,222,5,1138
579,192,2,771
598,643,5,1241
697,473,9,1170
207,376,1,583
472,938,3,1410
742,524,2,1266
150,635,5,785
114,322,4,436
516,394,5,910
92,55,6,147
586,379,10,965
438,339,9,777
515,193,3,708
969,650,10,1619
404,948,9,1352
697,438,2,1135
809,877,8,1686
207,119,7,326
289,767,4,1056
162,707,9,869
294,707,4,1001
292,652,1,944
763,149,10,912
877,177,9,1054
265,817,6,1082
219,975,9,1194
749,713,9,1462
768,641,9,1409
260,970,1,1230
50,700,10,750
426,491,1,917
802,595,3,1397
480,210,1,690
285,384,6,669
341,270,3,611
128,71,3,199
542,945,5,1487
84,235,3,319
490,864,2,1354
680,701,2,1381
412,702,8,1114
799,762,1,1561
99,982,2,1081
979,129,3,1108
589,195,5,784
263,703,3,966
403,965,8,1368
261,901,2,1162
69,648,4,717
570,52,3,622
544,777,4,1321
792,827,7,1619
542,521,8,1063
382,746,9,1128
25,482,9,507
462,259,9,721
5,57,4,62
374,882,7,1256
712,749,5,1461
181,22,6,203
315,374,3,689
239,634,3,873
358,118,4,476
184,363,10,547
575,534,1,1109
983,298,9,1281
179,32,7,211
208,523,5,731
344,8,5,352
612,855,3,1467
513,2,7,515
992,217,10,1209
154,403,3,557
609,274,8,883
597,890,7,1487
97,797,2,894
793,101,1,894
40,146,1,186
978,892,5,1870
990,770,9,1760
627,713,6,1340
131,750,7,881
115,937,5,1052
858,342,8,1200
481,638,8,1119
526,4,7,530
204,95,1,299
408,931,6,1339
734,102,3,836
473,285,9,758
905,368,3,1273
26,698,1,724
527,280,1,807
670,235,9,905
483,605,2,1088
546,724,10,1270
713,228,8,941
83,982,10,1065
967,927,6,1894
101,805,4,906
509,744,2,1253
575,91,3,666
982,432,6,1414
26,59,6,85
570,803,9,1373
937,934,1,1871
842,727,9,1569
633,548,8,1181
928,186,2,1114
941,931,7,1872
858,475,9,1333
206,651,5,857
390,757,1,1147
392,755,3,1147
120,455,10,575
721,995,3,1716
89,92,2,181
662,668,8,1330
974,303,5,1277
111,48,9,159
908,880,4,1788
543,992,7,1535
597,935,1,1532
500,29,6,529
783,89,3,872
150,685,7,835
257,574,8,831
182,896,3,1078
738,603,1,1341
923,726,5,1649
984,289,9,1273
356,267,10,623
27,608,10,635
4,689,8,693
777,999,8,1776
487,978,3,1465
206,389,6,595
640,114,10,754
899,885,4,1784
782,723,2,1505
899,837,1,1736
261,264,2,525
335,285,4,620
242,700,1,942
267,739,5,1006
845,807,2,1652
452,808,4,1260
106,21,6,127
649,217,6,866
211,433,5,644
941,225,1,1166
615,865,8,1480
746,783,1,1529
810,765,3,1575
654,52,9,706
198,313,4,511
968,7,6,975
487,610,3,1097
995,629,3,1624
833,125,8,958
890,384,5,1274
649,771,6,1420
196,434,4,630
953,960,1,1913
510,417,6,927
141,417,1,558
255,720,10,975
603,27,8,630
102,561,7,663
769,352,1,1121
750,985,3,1735
653,943,7,1596
475,369,7,844
417,48,4,465
238,592,3,830
854,2,8,856
316,564,7,880
577,739,4,1316
901,952,9,1853
729,794,8,1523
452,845,6,1297
842,215,2,1057
951,269,4,1220
513,788,2,1301
862,391,8,1253
300,565,4,865
858,176,3,1034
764,342,8,1106
323,988,1,1311
472,95,5,567
992,864,10,1856
83,450,2,533
608,432,1,1040
961,386,6,1347
254,324,1,578
917,658,9,1575
172,272,1,444
146,535,9,681
892,817,1,1709
402,939,2,1341
291,620,6,911
129,243,1,372
439,194,5,633
23,761,2,784
537,173,2,710
711,931,6,1642
569,271,1,840
832,492,7,1324
333,597,2,930
611,240,7,851
34,598,4,632
87,709,7,796
6,632,9,638
827,543,7,1370
756,520,4,1276
6,410,10,416
73,247,1,320
143,387,6,530
198,10,3,208
88,831,5,919
18,266,1,284
517,658,10,1175
146,804,9,950
16,627,1,643
617,727,7,1344
253,451,4,704
636,782,10,1418
842,269,8,1111
189,549,1,738
618,224,2,842
77,420,6,497
228,905,1,1133
657,914,5,1571
34,994,1,1028
649,620,1,1269
373,604,9,977
271,780,7,1051
899,870,4,1769
78,6,6,84
802,683,6,1485
638,760,4,1398
764,640,9,1404
366,284,8,650
487,964,2,1451
237,822,7,1059
472,157,6,629
593,701,1,1294
945,839,7,1784
265,889,10,1154
543,226,8,769
973,432,3,1405
45,72,9,117
537,202,5,739
211,491,1,702
711,769,2,1480
159,677,6,836
393,595,1,988
403,290,4,693
786,173,5,959
378,131,1,509
193,166,3,359
200,629,7,829
248,511,2,759
846,604,7,1450
324,841,1,1165
814,299,3,1113
912,900,9,1812
184,602,10,786
266,762,5,1028
942,213,2,1155
875,551,5,1426
107,277,8,384
407,721,7,1128
487,726,3,1213
506,669,1,1175
32,281,10,313
546,922,3,1468
762,672,7,1434
823,129,8,952
886,692,2,1578
734,941,8,1675
163,713,3,876
415,41,5,456
333,577,4,910
98,907,2,1005
387,123,5,510
333,411,5,744
578,823,10,1401
991,845,7,1836
833,330,9,1163
367,615,5,982
492,217,1,709
957,947,6,1904
266,308,5,574
189,143,6,332
923,735,1,1658
793,475,1,1268
510,418,4,928
588,259,9,847
214,62,1,276
648,321,3,969
448,983,10,1431
505,840,10,1345
189,790,7,979
946,712,8,1658
109,425,9,534
329,255,10,584
420,395,9,815
9,669,1,678
416,539,7,955
313,640,9,953
460,240,7,700
927,115,9,1042
73,716,10,789
674,173,10,847
665,86,7,751
903,971,5,1874
146,965,4,1111
53,580,9,633
474,973,2,1447
417,466,1,883
511,872,1,1383
727,59,4,786
94,542,4,636
100,52,5,152
27,948,6,975
434,839,1,1273
814,264,10,1078
674,660,9,1334
377,200,10,577
254,83,6,337
297,627,4,924
483,646,3,1129
550,224,4,774
158,422,9,580
616,287,10,903
177,330,3,507
767,471,2,1238
552,464,10,1016
740,765,8,1505
620,22,1,642
102,113,10,215
713,112,9,825
532,610,2,1142
137,198,3,335
305,86,3,391
645,349,10,994
889,191,6,1080
563,821,10,1384
731,586,4,1317
146,394,4,540
269,25,7,294
794,267,10,1061
933,534,2,1467
920,486,4,1406
722,908,6,1630
268,777,6,1045
817,891,10,1708
954,641,2,1595
928,100,6,1028
256,197,3,453
123,627,5,750
926,20,3,946
613,815,8,1428
453,902,6,1355
827,777,10,1604
867,240,10,1107
876,899,8,1775
378,740,2,1118
855,920,3,1775
246,824,7,1070
54,407,1,461
832,905,6,1737
238,495,1,733
805,138,4,943
361,172,8,533
764,133,9,897
839,660,6,1499
626,841,7,1467
326,234,7,560
236,454,4,690
139,78,8,217
259,818,7,1077
774,994,2,1768
605,961,4,1566
870,593,2,1463
922,763,9,1685
952,333,3,1285
484,564,1,1048
518,560,4,1078
404,394,1,798
448,981,3,1429
730,26,5,756
735,646,3,1381
636,961,5,1597
391,839,8,1230
327,626,10,953
30,937,5,967
976,38,6,1014
267,837,6,1104
276,599,8,875
665,615,8,1280
238,270,10,508
2,691,3,693
597,426,10,1023
981,68,3,1049
591,544,3,1135
769,194,7,963
303,395,3,698
393,851,9,1244
793,617,9,1410
249,317,6,566
737,514,9,1251
294,518,3,812
781,381,5,1162
971,794,7,1765
643,99,8,742
896,630,1,1526
297,218,7,515
890,170,4,1060
977,992,7,1969
114,264,7,378
661,399,5,1060
814,955,10,1769
624,298,5,922
467,549,8,1016
227,470,8,697
46,772,10,818
288,516,2,804
452,694,1,1146
343,190,4,533
293,528,8,821
689,175,5,864
824,681,7,1505
332,727,2,1059
936,868,4,1804
997,762,5,1759
948,378,10,1326
833,461,8,1294
993,766,6,1759
366,271,9,637
545,328,9,873
505,440,3,945
73,654,1,727
499,723,3,1222
543,601,8,1144
192,106,7,298
852,913,5,1765
984,370,9,1354
918,387,3,1305
320,575,10,895
869,563,3,1432
201,474,1,675
677,26,1,703
705,840,6,1545
71,409,8,480
235,722,10,957
956,286,5,1242
400,913,3,1313
446,362,1,808
608,52,4,660
558,14,5,572
292,967,4,1259
58,144,5,202
82,408,7,490
923,418,10,1341
403,953,7,1356
389,890,8,1279
275,49,3,324
573,204,9,777
657,181,9,838
14,557,5,571
167,949,6,1116
886,798,1,1684
931,826,7,1757
352,978,5,1330
370,818,10,1188
991,248,5,1239
361,642,6,1003
51,243,9,294
779,498,7,1277
346,23,5,369
868,157,6,1025
715,105,7,820
627,513,1,1140
257,317,8,574
466,862,7,1328
616,479,6,1095
377,946,4,1323
827,916,5,1743
681,779,1,1460
542,892,5,1434
871,986,7,1857
714,563,8,1277
180,228,7,408
507,208,7,715
161,388,5,549
255,442,9,697
956,546,1,1502
544,163,5,707
423,172,4,595
336,477,10,813
720,344,9,1064
976,434,3,1410
1,783,5,784
371,444,9,815
312,334,8,646
152,713,5,865
67,902,10,969
792,934,10,1726
86,517,10,603
223,613,3,836
581,861,3,1442
537,919,10,1456
695,249,8,944
34,459,8,493
935,581,8,1516
13,127,7,140
70,641,2,711
944,776,10,1720
192,740,10,932
44,106,3,150
454,762,10,1216
478,856,8,1334
138,707,2,845
993,33,2,1026
159,927,9,1086
88,854,8,942
16,412,2,428
50,495,5,545
158,724,7,882
211,289,8,500
692,902,3,1594
648,693,10,1341
62,46,6,108
555,789,10,1344
374,107,5,481
880,84,7,964
38,64,5,102
392,774,7,1166
802,630,3,1432
131,109,8,240
222,193,2,415
1,934,4,935
720,110,6,830
532,106,10,638
319,229,2,548
858,171,8,1029
311,377,4,688
217,871,3,1088
920,843,1,1763
271,872,7,1143
186,880,6,1066
998,12,9,1010
225,568,5,793
506,256,10,762
325,586,8,911
521,488,4,1009
36,781,9,817
37,347,7,384
431,43,4,474
105,60,6,165
587,41,5,628
407,925,8,1332
393,483,3,876
559,781,2,1340
207,125,5,332
145,22,8,167
568,153,5,721
456,662,7,1118
980,519,4,1499
422,741,10,1163
29,161,10,190
444,893,4,1337
673,314,10,987
897,78,5,975
81,312,5,393
796,90,10,886
668,787,4,1455
371,669,7,1040
800,342,9,1142
935,383,9,1318
174,165,7,339
273,392,5,665
725,955,8,1680
842,666,10,1508
191,991,4,1182
768,129,3,897
76,978,8,1054
600,234,4,834
54,178,5,232
776,208,10,984
434,772,3,1206
91,649,5,740
945,237,2,1182
767,273,3,1040
524,725,4,1249
541,326,2,867
831,975,6,1806
857,643,9,1500
884,872,9,1756
942,217,4,1159
792,253,7,1045
284,79,10,363
252,15,2,267
927,868,5,1795
151,225,6,376
216,810,3,1026
536,245,5,781
500,988,7,1488
721,491,10,1212
646,324,3,970
679,744,3,1423
638,822,2,1460
134,763,5,897
718,898,8,1616
156,136,6,292
182,521,1,703
557,955,6,1512
801,29,1,830
628,821,4,1449
899,197,8,1096
57,47,1,104
677,434,2,1111
559,660,1,1219
529,320,2,849
768,132,9,900
305,87,2,392
990,349,5,1339
537,769,5,1306
644,731,5,1375
981,835,6,1816
628,44,1,672
60,767,1,827
69,579,4,648
693,925,5,1618
178,566,6,744
787,334,7,1121
668,71,7,739
45,915,2,960
984,870,7,1854
205,507,1,712
848,623,8,1471
871,953,3,1824
919,975,3,1894
948,211,1,1159
641,528,8,1169
204,466,8,670
82,538,5,620
935,924,7,1859
125,32,8,157
199,667,8,866
713,570,5,1283
605,633,5,1238
602,440,7,1042
53,407,5,460
456,294,3,750
429,0,4,429
511,548,6,1059
951,336,1,1287
124,493,9,617
17,774,5,791
70,556,5,626
159,691,4,850
901,749,4,1650
756,65,7,821
775,676,10,1451
37,491,5,528
987,9,3,996
311,498,1,809
951,591,7,1542
8,542,7,550
786,782,2,1568
783,830,2,1613
384,725,2,1109
809,943,10,1752
631,427,10,1058
582,405,9,987
957,202,4,1159
1,36,6,37
885,100,5,985
656,520,9,1176
584,973,4,1557
983,380,10,1363
283,108,2,391
219,771,6,990
892,806,6,1698
826,580,5,1406
6,659,1,665
52,345,9,397
82,626,8,708
766,403,5,1169
410,126,10,536
874,53,8,927
170,514,6,684
576,395,4,971
742,674,6,1416
605,391,3,996
400,552,2,952
532,248,3,780
180,814,2,994
135,32,5,167
48,567,5,615
641,6,1,647
442,159,10,601
282,757,4,1039
966,466,3,1432
855,605,3,1460
885,392,4,1277
11,70,8,81
835,48,8,883
740,628,5,1368
0,970,5,970
528,270,5,798
998,686,4,1684
202,944,4,1146
151,716,3,867
847,514,3,1361
905,989,9,1894
418,795,9,1213
480,92,9,572
538,40,4,578
717,23,4,740
220,370,8,590
345,864,2,1209
855,643,6,1498
916,210,10,1126
181,492,5,673
696,789,8,1485
215,350,9,565
652,358,2,1010
417,293,6,710
338,571,1,909
908,278,1,1186
644,869,1,1513
455,634,6,1089
328,39,6,367
463,528,1,991
816,549,8,1365
986,576,9,1562
196,41,7,237
884,971,4,1855
63,117,1,180
186,190,4,376
270,949,2,1219
403,621,10,1024
833,181,5,1014
465,803,7,1268
957,722,2,1679
647,514,7,1161
224,284,4,508
929,197,1,1126
803,639,3,1442
571,411,1,982
632,397,2,1029
938,437,8,1375
212,94,4,306
215,205,9,420
81,419,10,500
209,338,2,547
219,129,2,348
855,54,5,909
221,361,5,582
745,930,9,1675
756,423,5,1179
519,161,8,680
797,603,7,1400
595,273,9,868
541,861,4,1402
312,920,5,1232
45,935,6,980
775,737,3,1512
223,113,3,336
133,855,10,988
152,110,9,262
668,807,4,1475
373,625,7,998
698,688,3,1386
422,482,6,904
983,889,10,1872
251,840,6,1091
403,529,5,932
923,516,6,1439
982,81,3,1063
527,353,10,880
486,362,9,848
559,614,4,1173
20,287,10,307
209,202,4,411
623,566,6,1189
775,679,7,1454
5,517,4,522
237,425,10,662
403,305,5,708
832,948,9,1780
389,622,5,1011
253,913,4,1166
320,664,8,984
944,785,9,1729
528,205,5,733
113,623,1,736
33,783,9,816
81,345,8,426
485,170,3,655
353,577,8,930
855,767,8,1622
536,134,10,670
531,287,7,818
720,242,7,962
788,797,4,1585
858,831,8,1689
48,307,9,355
612,79,4,691
328,158,4,486
229,773,6,1002
511,608,2,1119
959,632,6,1591
603,384,5,987
316,201,7,517
419,760,3,1179
32,791,4,823
636,925,5,1561
703,645,7,1348
867,206,7,1073
213,735,7,948
185,135,8,320
772,59,10,831
908,132,2,1040
2,719,10,721
576,484,7,1060
910,622,8,1532
744,609,10,1353
728,256,4,984
524,68,6,592
963,818,6,1781
700,161,4,861
954,121,9,1075
854,392,10,1246
270,132,8,402
444,813,7,1257
692,876,5,1568
307,570,5,877
673,496,5,1169
196,584,3,780
870,716,6,1586
332,506,3,838
86,712,5,798
327,275,2,602
147,592,7,739
352,967,10,1319
357,426,9,783
236,536,3,772
977,557,7,1534
205,121,6,326
652,58,1,710
29,641,5,670
977,356,5,1333
101,435,5,536
388,827,10,1215
266,352,7,618
688,684,9,1372
787,258,10,1045
830,968,10,1798
158,46,1,204
441,778,6,1219
911,718,9,1629
272,808,9,1080
768,59,2,827
745,257,1,1002
877,674,8,1551
480,463,9,943
96,350,6,446
344,613,8,957
817,586,5,1403
282,725,7,1007
768,103,5,871
954,208,6,1162
850,944,6,1794
454,591,2,1045
626,163,2,789
786,324,2,1110
855,758,7,1613
389,184,2,573
725,809,2,1534
893,172,2,1065
863,180,5,1043
621,998,4,1619
147,612,9,759
55,954,10,1009
120,413,7,533
715,797,5,1512
855,605,4,1460
303,922,1,1225
661,795,7,1456
664,88,2,752
391,523,9,914
76,121,8,197
483,415,10,898
669,410,1,1079
443,697,1,1140
948,752,4,1700
180,168,2,348
514,809,9,1323
888,788,6,1676
864,924,9,1788
894,798,9,1692
929,279,8,1208
182,894,10,1076
905,456,9,1361
450,628,3,1078
208,184,7,392
257,713,8,970
216,87,10,303
381,199,10,580
135,610,8,745
248,837,1,1085
920,443,10,1363
391,145,8,536
836,784,10,1620
418,588,1,1006
526,394,8,920
974,878,8,1852
62,410,7,472
653,35,7,688
380,942,1,1322
620,41,3,661
575,148,1,723
329,640,10,969
693,785,2,1478
187,918,1,1105
541,229,7,770
656,143,2,799
608,623,8,1231
429,164,3,593
791,420,1,1211
730,816,1,1546
445,865,9,1310
846,587,4,1433
436,72,4,508
433,444,10,877
773,245,6,1018
602,537,1,1139
969,599,6,1568
304,928,9,1232
195,512,7,707
837,875,8,1712
888,305,9,1193
85,287,9,372
462,762,1,1224
4,735,5,739
87,913,10,1000
988,841,9,1829
131,503,5,634
198,49,9,247
779,752,2,1531
380,371,9,751
225,458,9,683
963,217,7,1180
152,541,9,693
216,36,7,252
621,98,4,719
890,230,9,1120
483,374,5,857
715,118,1,833
392,314,3,706
388,685,5,1073
764,152,4,916
278,426,2,704
468,152,10,620
943,886,4,1829
179,637,5,816
880,42,8,922
79,295,2,374
451,651,9,1102
492,251,9,743
525,164,7,689
55,813,4,868
941,952,8,1893
699,504,8,1203
531,78,4,609
584,547,4,1131
929,600,6,1529
943,195,3,1138
81,728,9,809
15,931,1,946
399,149,8,548
133,498,1,631
206,802,1,1008
353,401,1,754
216,422,4,638
103,425,4,528
330,642,8,972
329,594,1,923
959,451,1,1410
564,206,6,770
462,792,8,1254
89,344,8,433
825,320,6,1145
445,340,2,785
382,105,1,487
365,63,7,428
849,749,4,1598
150,425,4,575
329,880,5,1209
936,736,9,1672
52,276,6,328
789,54,9,843
326,155,9,481
713,191,8,904
947,233,1,1180
740,945,10,1685
718,898,4,1616
158,73,8,231
82,282,10,364
176,497,9,673
429,566,1,995
287,811,9,1098
894,928,8,1822
253,13,2,266
189,824,9,1013
792,437,6,1229
21,223,8,244
861,289,2,1150
626,667,4,1293
152,198,4,350
496,829,9,1325
900,416,6,1316
425,43,8,468
894,229,5,1123
312,141,8,453
12,905,9,917
537,26,1,563
144,615,3,759
681,801,6,1482
400,666,6,1066
976,868,7,1844
154,343,2,497
649,876,8,1525
207,280,6,487
224,138,1,362
41,315,7,356
205,974,2,1179
759,220,9,979
691,273,10,964
592,557,10,1149
825,900,6,1725
686,626,7,1312
925,184,5,1109
558,608,9,1166
505,819,8,1324
994,64,9,1058
730,160,9,890
226,161,9,387
141,963,6,1104
150,383,2,533
751,555,2,1306
795,567,7,1362
996,869,3,1865
584,550,2,1134
5,983,7,988
407,797,2,1204
540,88,3,628
763,762,9,1525
330,230,4,560
361,512,5,873
862,116,3,978
484,559,7,1043
399,666,5,1065
537,144,2,681
981,261,4,1242
73,626,9,699
851,448,5,1299
941,227,7,1168
502,307,9,809
532,416,10,948
476,953,8,1429
204,935,3,1139
304,913,7,1217
413,814,5,1227
934,451,1,1385
180,494,9,674
649,416,4,1065
158,467,5,625
877,683,10,1560
390,792,1,1182
141,234,5,375
761,315,1,1076
661,317,9,978
800,455,3,1255
743,964,2,1707
240,930,4,1170
150,244,1,394
760,882,1,1642
705,972,2,1677
143,244,9,387
455,595,8,1050
93,735,7,828
143,15,2,158
12,792,7,804
707,394,2,1101
570,956,9,1526
108,412,2,520
654,795,5,1449
723,976,6,1699
962,317,3,1279
742,380,1,1122
904,761,8,1665
5,262,1,267
532,884,10,1416
52,684,2,736
267,627,10,894
658,556,8,1214
56,352,10,408
486,314,5,800
204,516,1,720
113,573,4,686
436,896,4,1332
574,402,2,976
214,492,2,706
808,625,2,1433
48,509,3,557
848,60,2,908
785,876,8,1661
613,529,9,1142
684,181,6,865
790,687,1,1477
614,529,3,1143
270,290,2,560
573,632,10,1205
301,766,9,1067
239,748,5,987
379,412,3,791
543,462,8,1005
316,356,2,672
718,510,10,1228
824,278,1,1102
187,269,1,456
562,525,6,1087
792,188,1,980
868,871,4,1739
149,739,10,888
631,129,8,760
423,614,4,1037
214,460,6,674
157,144,10,301
401,2,8,403
165,459,1,624
434,363,5,797
506,182,8,688
859,685,9,1544
306,241,4,547
561,758,1,1319
488,783,2,1271
666,734,8,1400
668,271,8,939
124,748,6,872
826,458,5,1284
53,995,3,1048
107,996,7,1103
588,864,7,1452
246,789,8,1035
973,25,5,998
292,256,10,548
675,115,5,790
53,825,7,878
749,915,6,1664
680,402,9,1082
124,182,6,306
498,284,8,782
775,392,9,1167
457,358,1,815
463,356,10,819
564,391,5,955
38,548,8,586
342,787,4,1129
709,500,2,1209
938,801,5,1739
101,144,4,245
489,722,10,1211
142,387,5,529
635,2,9,637
792,276,2,1068
737,946,1,1683
667,850,8,1517
724,80,9,804
352,99,1,451
672,910,2,1582
731,259,2,990
880,555,3,1435
270,383,5,653
907,959,7,1866
251,697,5,948
291,224,2,515
220,724,6,944
818,94,4,912
390,61,6,451
847,197,2,1044
435,758,9,1193
448,886,4,1334
778,682,7,1460
740,635,4,1375
380,836,8,1216
950,867,9,1817
798,312,2,1110
195,738,4,933
394,612,2,1006
818,296,10,1114
575,531,9,1106
601,934,8,1535
743,170,2,913
918,50,4,968
651,573,5,1224
399,356,8,755
128,555,2,683
500,539,9,1039
913,389,7,1302
542,181,9,723
994,915,9,1909
27,578,2,605
265,134,3,399
960,847,4,1807
160,805,2,965
58,301,9,359
517,697,4,1214
924,38,8,962
243,186,10,429
184,737,2,921
177,203,1,380
268,872,7,1140
862,107,9,969
735,395,10,1130
990,79,8,1069
427,682,10,1109
456,522,5,978
733,132,4,865
736,780,3,1516
680,615,7,1295
620,298,6,918
865,276,10,1141
177,362,5,539
308,298,3,606
591,750,7,1341
169,639,9,808
427,581,9,1008
306,682,4,988
91,198,10,289
399,786,2,1185
508,882,9,1390
239,223,4,462
687,159,5,846
654,216,9,870
171,830,5,1001
949,869,2,1818
621,666,6,1287
454,545,6,999
834,977,5,1811
760,876,1,1636
140,544,9,684
61,765,2,826
419,430,2,849
395,935,4,1330
30,930,3,960
386,827,1,1213
384,819,4,1203
786,496,8,1282
421,338,1,759
280,224,7,504
917,578,7,1495
1,590,2,591
470,857,1,1327
217,902,6,1119
474,987,1,1461
310,360,9,670
75,693,6,768
324,527,10,851
191,418,3,609
104,67,6,171
665,443,5,1108
731,869,9,1600
617,419,8,1036
516,996,1,1512
517,883,8,1400
320,4,7,324
128,718,8,846
904,676,6,1580
958,755,1,1713
127,204,5,331
815,973,2,1788
437,596,1,1033
893,731,9,1624
201,642,1,843
844,208,3,1052
206,46,3,252
421,151,2,572
822,662,8,1484
64,718,8,782
853,812,7,1665
860,5,4,865
744,872,10,1616
484,83,5,567
35,646,4,681
570,973,2,1543
895,278,10,1173
538,255,7,793
446,853,7,1299
815,155,8,970
535,696,5,1231
329,107,8,436
357,358,7,715
258,762,8,1020
932,965,2,1897
567,614,1,1181
512,986,2,1498
188,471,4,659
581,598,1,1179
256,683,9,939
92,464,3,556
19,295,3,314
597,737,6,1334
791,429,4,1220
454,82,3,536
607,721,2,1328
874,823,10,1697
210,923,8,1133
892,188,4,1080
542,750,2,1292
941,184,3,1125
606,289,3,895
7,812,9,819
577,345,5,922
108,17,1,125
591,827,6,1418
177,263,10,440
168,82,9,250
497,550,1,1047
259,151,6,410
752,2,7,754
949,274,8,1223
315,266,2,581
690,487,2,1177
282,216,4,498
311,348,7,659
72,823,10,895
333,151,7,484
177,164,2,341
289,743,8,1032
857,133,1,990
241,322,3,563
391,59,5,450
477,835,6,1312
163,181,10,344
393,726,10,1119
384,242,8,626
151,279,7,430
342,75,10,417
589,459,7,1048
68,570,3,638
374,648,7,1022
530,959,10,1489
184,978,9,1162
543,208,5,751
411,981,6,1392
213,418,2,631
62,660,5,722
369,94,2,463
223,48,7,271
161,687,10,848
213,669,1,882
729,951,8,1680
452,948,5,1400
86,181,4,267
699,240,5,939
559,965,10,1524
862,847,1,1709
679,762,6,1441
12,147,8,159
132,795,9,927
458,510,4,968
23,705,9,728
123,827,10,950
772,766,6,1538
906,150,2,1056
646,287,5,933
583,638,8,1221
654,271,1,925
230,0,2,230
35,159,6,194
875,542,10,1417
273,767,9,1040
926,551,4,1477
255,186,6,441
890,421,2,1311
5,255,2,260
522,546,1,1068
115,871,4,986
141,349,4,490
669,656,4,1325
266,44,1,310
504,483,6,987
945,585,3,1530
374,949,7,1323
995,94,8,1089
180,795,1,975
677,721,4,1398
839,303,10,1142
523,283,5,806
229,661,4,890
865,14,5,879
598,684,2,1282
43,145,5,188
258,718,6,976
540,508,7,1048
42,105,2,147
104,786,3,890
356,663,7,1019
887,455,8,1342
861,698,5,1559
50,184,10,234
551,199,2,750
708,46,10,754
959,480,5,1439
849,881,8,1730
492,450,10,942
382,634,2,1016
639,664,4,1303
785,922,8,1707
942,277,5,1219
785,982,2,1767
616,456,5,1072
998,216,4,1214
630,550,5,1180
986,225,7,1211
581,818,5,1399
876,76,7,952
645,656,8,1301
647,348,5,995
850,809,7,1659
772,37,5,809
273,978,8,1251
367,838,6,1205
2,819,6,821
713,635,8,1348
141,446,8,587
142,336,5,478
21,517,9,538
287,350,10,637
149,233,10,382
356,836,1,1192
547,481,9,1028
804,208,3,1012
163,385,7,548
410,737,6,1147
806,585,2,1391
814,14,5,828
98,916,1,1014
770,274,1,1044
587,913,9,1500
499,519,8,1018
205,924,2,1129
364,739,5,1103
890,940,2,1830
387,520,2,907
1,130,4,131
704,747,3,1451
648,330,4,978
453,506,6,959
317,711,4,1028
489,371,5,860
554,387,8,941
419,294,10,713
914,227,1,1141
111,971,4,1082
323,632,10,955
820,240,1,1060
586,141,4,727
873,966,2,1839
70,992,4,1062
264,437,10,701
78,421,4,499
162,239,5,401
76,888,10,964
48,695,9,743
537,859,9,1396
341,201,2,542
510,583,10,1093
868,659,8,1527
249,80,9,329
232,142,3,374
613,41,2,654
418,553,5,971
746,97,8,843
258,134,5,392
301,614,3,915
776,249,2,1025
918,935,7,1853
951,698,6,1649
317,607,7,924
483,840,8,1323
14,924,10,938
68,329,9,397
608,809,4,1417
499,328,3,827
208,465,5,673
504,551,7,1055
166,607,2,773
797,13,3,810
402,997,10,1399
503,562,3,1065
460,336,5,796
792,914,3,1706
173,0,10,173
907,927,5,1834
442,54,8,496
959,229,4,1188
275,305,7,580
460,907,3,1367
512,803,3,1315
637,886,9,1523
780,504,5,1284
549,531,1,1080
723,845,2,1568
89,9,1,98
521,888,8,1409
346,146,3,492
446,491,4,937
684,287,4,971
723,675,10,1398
410,285,7,695
977,897,7,1874
206,70,5,276
451,46,9,497
789,594,2,1383
739,968,3,1707
650,190,3,840
598,52,1,650
447,427,9,874
351,825,2,1176
659,6,4,665
954,110,4,1064
997,30,6,1027
780,338,4,1118
410,20,5,430
353,420,2,773
518,585,7,1103
567,265,10,832
555,1,10,556
402,257,10,659
42,202,7,244
261,35,3,296
644,431,8,1075
727,791,1,1518
216,949,10,1165
91,566,8,657
541,180,9,721
655,798,8,1453
290,853,3,1143
43,632,8,675
508,257,5,765
676,34,1,710
429,945,9,1374
439,104,7,543
565,709,6,1274
786,893,9,1679
143,139,1,282
256,154,1,410
356,855,3,1211
630,563,10,1193
67,897,3,964
850,688,6,1538
211,617,10,828
986,599,7,1585
347,56,5,403
509,736,3,1245
748,678,5,1426
902,332,1,1234
210,127,4,337
163,110,9,273
825,84,9,909
37,629,7,666
330,448,9,778
854,499,8,1353
684,848,9,1532
919,326,3,1245
424,581,9,1005
556,43,2,599
255,12,3,267
297,623,8,920
8,853,1,861
435,987,1,1422
813,77,10,890
330,580,2,910
678,743,2,1421
752,703,2,1455
298,345,8,643
658,189,2,847
943,186,4,1129
330,859,3,1189
82,708,3,790
494,449,6,943
152,748,5,900
907,223,9,1130
453,378,7,831
590,819,6,1409
117,1,6,118
54,730,2,784
981,359,5,1340
392,90,5,482
78,495,9,573
234,491,7,725
461,838,5,1299
962,948,5,1910
583,463,5,1046
111,469,1,580
310,345,9,655
694,663,5,1357
181,900,2,1081
163,506,2,669
877,40,10,917
933,555,8,1488
822,704,8,1526
190,900,8,1090
557,277,1,834
475,279,2,754
502,912,4,1414
146,490,3,636
793,46,10,839
770,943,1,1713
745,305,3,1050
330,264,4,594
40,148,1,188
575,595,1,1170
593,11,8,604
714,992,8,1706
795,553,1,1348
607,239,2,846
642,27,5,669
986,558,10,1544
715,301,1,1016
80,30,4,110
605,924,6,1529
308,623,5,931
341,502,7,843
926,756,5,1682
23,794,6,817
75,895,2,970
293,13,6,306
693,951,3,1644
648,547,9,1195
398,579,7,977
474,378,6,852
965,144,5,1109
566,207,7,773
539,638,2,1177
228,228,10,456
565,810,9,1375
615,683,2,1298
451,235,2,686
622,346,2,968
617,624,3,1241
782,279,2,1061
823,983,9,1806
278,601,6,879
429,527,1,956
862,99,2,961
326,340,4,666
957,613,5,1570
973,835,8,1808
424,885,1,1309
419,814,6,1233
697,518,6,1215
736,849,5,1585
239,604,2,843
432,581,6,1013
965,669,7,1634
765,96,9,861
665,8,7,673
870,856,2,1726
737,28,1,765
651,315,1,966
955,646,6,1601
204,277,6,481
7,119,7,126
69,81,2,150
82,157,8,239
212,241,5,453
514,132,7,646
677,296,10,973
10,806,2,816
206,124,3,330
270,515,1,785
448,695,8,1143
952,196,7,1148
199,715,3,914
144,351,1,495
716,208,8,924
565,805,4,1370
937,982,3,1919
431,274,5,705
765,315,7,1080
94,826,7,920
901,250,4,1151
293,321,4,614
330,708,1,1038
342,71,7,413
333,362,8,695
366,994,7,1360
225,595,10,820
799,318,2,1117
205,653,6,858
631,601,6,1232
583,288,4,871
260,733,5,993
569,467,7,1036
305,977,2,1282
799,877,8,1676
351,850,10,1201
377,818,7,1195
832,951,9,1783
871,574,2,1445
713,100,4,813
314,775,7,1089
117,492,5,609
173,844,3,1017
833,940,3,1773
10,503,2,513
600,900,10,1500
557,914,3,1471
854,235,9,1089
622,674,3,1296
683,461,5,1144
907,680,3,1587
527,253,3,780
99,962,7,1061
703,759,3,1462
618,21,9,639
481,419,8,900
388,463,2,851
38,301,8,339
70,636,2,706
726,352,3,1078
26,427,2,453
748,80,3,828
317,0,7,317
59,311,7,370
270,3,5,273
598,997,4,1595
481,728,5,1209
994,373,7,1367
628,22,1,650
143,291,10,434
329,527,7,856
336,144,4,480
114,539,6,653
548,513,5,1061
30,544,4,574
544,644,2,1188
443,840,4,1283
414,94,2,508
225,498,4,723
377,506,6,883
543,538,9,1081
639,170,10,809
243,505,6,748
475,829,7,1304
477,225,1,702
945,793,4,1738
86,990,4,1076
900,489,3,1389
90,212,9,302
998,992,4,1990
235,492,3,727
375,798,6,1173
220,636,4,856
364,146,6,510
971,263,2,1234
87,343,9,430
161,522,5,683
213,359,9,572
1,903,1,904
555,943,7,1498
546,565,10,1111
838,793,5,1631
351,273,1,624
634,363,6,997
723,472,7,1195
122,610,6,732
14,642,1,656
890,78,9,968
617,241,7,858
525,145,3,670
624,121,7,745
645,15,5,660
196,118,7,314
249,710,7,959
3,685,9,688
511,732,7,1243
839,132,4,971
914,700,8,1614
436,699,5,1135
148,686,2,834
624,22,1,646
130,641,9,771
26,589,10,615
321,437,9,758
289,402,3,691
996,99,4,1095
987,630,3,1617
712,653,6,1365
546,97,6,643
344,501,1,845
229,939,8,1168
23,591,7,614
156,424,8,580
474,635,1,1109
788,935,4,1723
469,374,3,843
443,960,1,1403
433,485,10,918
64,567,5,631
775,634,9,1409
731,311,9,1042
68,340,4,408
222,595,7,817
582,607,9,1189
49,301,2,350
223,463,3,686
879,807,7,1686
239,940,7,1179
788,212,10,1000
673,406,2,1079
259,846,10,1105
764,553,2,1317
245,583,10,828
9,805,7,814
980,590,6,1570
180,27,5,207
597,227,1,824
834,257,8,1091
699,774,2,1473
311,400,10,711
512,470,2,982
170,194,3,364
740,950,10,1690
850,734,7,1584
458,634,6,1092
217,669,8,886
200,363,10,563
639,372,8,1011
103,831,6,934
748,818,1,1566
527,248,2,775
234,532,3,766
664,308,9,972
666,135,4,801
419,345,3,764
207,758,3,965
729,414,2,1143
530,933,2,1463
272,543,1,815
27,103,9,130
963,230,10,1193
305,700,5,1005
795,638,6,1433
473,844,1,1317
747,127,1,874
149,453,3,602
133,406,3,539
668,81,9,749
453,104,3,557
240,403,4,643
210,180,4,390
537,446,3,983
588,393,1,981
456,927,2,1383
379,305,1,684
643,965,6,1608
218,648,6,866
824,549,5,1373
874,416,3,1290
607,904,3,1511
451,959,3,1410
970,382,3,1352
682,687,5,1369
82,950,10,1032
242,807,1,1049
712,970,1,1682
30,922,5,952
564,901,7,1465
464,85,8,549
930,870,9,1800
169,393,3,562
660,320,1,980
955,332,10,1287
775,42,4,817
728,767,5,1495
182,835,8,1017
494,551,1,1045
293,281,7,574
343,156,2,499
596,359,7,955
760,951,9,1711
261,335,9,596
597,911,4,1508
416,791,1,1207
607,117,2,724
140,37,4,177
321,239,9,560
777,441,1,1218
378,630,6,1008
209,232,6,441
726,335,4,1061
734,136,8,870
208,588,7,796
533,375,8,908
547,684,8,1231
805,315,7,1120
42,835,8,877
170,387,10,557
867,967,3,1834
825,893,10,1718
93,463,8,556
104,8,4,112
495,493,7,988
153,676,10,829
265,335,9,600
74,196,10,270
759,240,8,999
563,531,10,1094
339,503,2,842
772,185,9,957
179,670,1,849
203,23,10,226
692,868,4,1560
437,774,6,1211
612,365,5,977
397,909,6,1306
115,529,10,644
489,930,4,1419
65,471,5,536
948,150,3,1098
281,158,6,439
514,419,5,933
471,337,8,808
213,307,4,520
81,193,8,274
408,762,5,1170
122,527,10,649
371,488,2,859
633,333,9,966
153,334,3,487
408,216,9,624
804,255,3,1059
442,333,8,775
627,801,7,1428
969,912,5,1881
698,54,6,752
990,673,4,1663
845,818,7,1663
241,998,6,1239
216,731,10,947
244,302,1,546
211,445,7,656
988,681,6,1669
982,811,10,1793
169,121,10,290
508,318,1,826
721,732,6,1453
688,20,5,708
604,45,9,649
444,781,1,1225
346,260,10,606
43,101,2,144
89,312,9,401
454,19,10,473
357,97,6,454
74,472,2,546
753,512,3,1265
244,490,7,734
697,814,1,1511
332,722,6,1054
449,101,1,550
327,378,2,705
962,747,5,1709
616,510,7,1126
230,713,1,943
559,121,4,680
293,10,9,303
948,43,1,991
577,819,3,1396
533,280,3,813
988,610,3,1598
420,440,7,860
665,727,2,1392
189,875,8,1064
24,70,8,94
205,249,4,454
241,876,2,1117
206,7,10,213
540,825,6,1365
695,812,5,1507
81,570,10,651
167,458,2,625
594,290,4,884
82,98,6,180
28,602,4,630
46,604,7,650
726,406,10,1132
450,586,1,1036
150,807,9,957
296,864,8,1160
114,52,3,166
241,685,7,926
709,866,9,1575
734,414,10,1148
278,500,7,778
774,659,9,1433
651,401,7,1052
224,211,3,435
256,507,2,763
342,50,1,392
642,349,1,991
714,890,3,1604
140,547,4,687
575,706,7,1281
27,57,9,84
270,202,2,472
240,598,7,838
117,647,1,764
531,449,5,980
515,14,3,529
355,607,10,962
73,123,2,196
481,608,3,1089
315,424,5,739
511,551,6,1062
756,589,5,1345
120,668,9,788
608,854,10,1462
858,563,6,1421
766,667,10,1433
226,963,7,1189
197,625,1,822
955,714,9,1669
868,799,3,1667
101,331,4,432
763,720,4,1483
603,288,1,891
963,996,1,1959
518,744,6,1262
656,839,3,1495
125,663,6,788
835,463,8,1298
408,57,9,465
686,808,2,1494
203,354,7,557
528,461,5,989
186,661,9,847
136,224,4,360
767,150,10,917
567,654,6,1221
522,66,9,588
163,451,3,614
98,489,3,587
720,631,3,1351
209,798,8,1007
966,147,2,1113
998,804,5,1802
239,524,4,763
110,373,8,483
810,568,7,1378
472,719,7,1191
481,986,2,1467
52,985,6,1037
92,7,6,99
350,221,8,571
979,877,4,1856
53,104,2,157
352,750,4,1102
521,329,8,850
121,727,2,848
54,863,8,917
122,959,3,1081
37,499,8,536
389,195,10,584
876,325,10,1201
460,952,2,1412
493,723,2,1216
567,501,2,1068
941,916,4,1857
906,506,2,1412
384,266,4,650
447,714,3,1161
329,987,1,1316
693,399,9,1092
688,477,7,1165
27,1,1,28
53,284,7,337
13,915,4,928
382,809,9,1191
536,761,10,1297
901,480,1,1381
867,931,5,1798
725,953,7,1678
691,434,7,1125
151,126,4,277
473,964,9,1437
744,825,4,1569
626,901,2,1527
354,221,1,575
367,660,5,1027
329,347,7,676
856,290,9,1146
256,782,8,1038
348,360,8,708
441,227,8,668
982,276,2,1258
109,640,4,749
903,144,4,1047
184,353,9,537
362,660,1,1022
989,241,7,1230
591,166,10,757
66,259,2,325
512,287,3,799
197,300,1,497
965,681,8,1646
268,576,9,844
545,456,4,1001
292,124,2,416
944,766,5,1710
437,459,2,896
844,746,10,1590
597,194,5,791
41,679,2,720
537,413,6,950
605,157,8,762
530,815,3,1345
931,694,5,1625
973,355,5,1328
473,321,1,794
205,638,1,843
185,782,10,967
333,241,6,574
287,822,5,1109
841,454,3,1295
449,382,10,831
423,749,1,1172
951,38,1,989
6,751,9,757
540,850,1,1390
986,721,4,1707
422,204,4,626
575,657,1,1232
564,810,10,1374
531,102,6,633
939,397,5,1336
397,65,10,462
611,682,2,1293
704,520,1,1224
491,520,6,1011
389,632,1,1021
679,75,7,754
413,921,5,1334
274,227,10,501
687,885,3,1572
251,50,10,301
684,501,8,1185
4,234,7,238
555,953,8,1508
714,471,10,1185
616,786,10,1402
226,404,2,630
400,175,7,575
262,512,4,774
452,62,7,514
952,13,6,965
829,352,8,1181
197,324,2,521
821,665,5,1486
774,662,3,1436
257,790,4,1047
485,323,10,808
27,135,1,162
13,670,5,683
864,130,4,994
80,518,6,598
543,318,7,861
841,537,6,1378
350,408,3,758
935,387,5,1322
349,938,3,1287
523,295,3,818
953,650,7,1603
668,431,7,1099
980,967,10,1947
706,816,9,1522
334,286,10,620
90,723,3,813
148,383,9,531
574,606,10,1180
692,505,6,1197
568,835,1,1403
370,587,6,957
168,364,3,532
181,379,3,560
197,427,8,624
346,437,1,783
953,998,3,1951
956,280,1,1236
510,895,6,1405
99,647,5,746
753,250,7,1003
141,783,6,924
918,630,6,1548
650,348,4,998
339,216,8,555
914,995,6,1909
455,354,4,809
240,110,8,350
905,138,3,1043
923,94,6,1017
847,261,4,1108
502,551,10,1053
362,13,9,375
878,815,8,1693
815,793,3,1608
817,980,1,1797
40,533,8,573
615,483,2,1098
350,263,2,613
696,215,7,911
260,258,4,518
521,588,10,1109
715,506,5,1221
96,503,6,599
833,937,6,1770
675,776,3,1451
486,243,7,729
590,71,2,661
206,925,3,1131
849,884,8,1733
392,743,3,1135
596,384,8,980
684,896,1,1580
371,87,3,458
842,45,5,887
791,943,10,1734
500,950,2,1450
772,396,10,1168
875,652,8,1527
583,789,1,1372
919,899,1,1818
851,186,1,1037
799,460,7,1259
778,402,6,1180
173,628,1,801
432,484,4,916
623,990,1,1613
231,556,8,787
455,912,6,1367
955,977,3,1932
738,612,8,1350
690,642,4,1332
907,89,1,996
418,743,8,1161
84,199,8,283
786,56,7,842
947,656,10,1603
413,193,3,606
497,845,8,1342
482,57,8,539
258,366,2,624
895,383,7,1278
834,676,9,1510
373,738,3,1111
496,11,1,507
357,883,4,1240
595,778,10,1373
180,87,1,267
859,169,5,1028
249,605,10,854
14,48,1,62
178,837,2,1015
990,156,3,1146
752,444,2,1196
111,49,1,160
131,879,6,1010
746,305,10,1051
634,33,5,667
193,463,10,656
878,346,5,1224
519,718,2,1237
240,677,7,917
351,511,5,862
458,56,5,514
109,488,9,597
264,442,5,706
623,403,4,1026
998,202,3,1200
495,348,5,843
875,478,2,1353
375,412,10,787
816,930,1,1746
369,928,9,1297
512,397,7,909
697,776,9,1473
650,25,9,675
255,998,1,1253
564,670,2,1234
754,537,4,1291
345,777,10,1122
485,882,5,1367
29,908,6,937
880,872,9,1752
449,903,6,1352
655,940,10,1595
772,357,7,1129
182,864,2,1046
488,494,5,982
605,74,9,679
495,744,4,1239
91,36,7,127
927,494,2,1421
679,782,2,1461
64,189,9,253
838,189,10,1027
393,930,4,1323
796,892,5,1688
702,127,4,829
795,562,1,1357
344,306,7,650
331,696,10,1027
825,742,4,1567
135,377,7,512
482,732,2,1214
446,453,8,899
914,260,5,1174
764,636,10,1400
977,818,3,1795
243,154,7,397
867,522,6,1389
970,283,3,1253
42,464,4,506
195,447,10,642
612,891,10,1503
681,128,5,809
423,809,8,1232
44,183,7,227
549,317,10,866
503,578,8,1081
12,417,10,429
236,557,8,793
935,323,3,1258
634,982,3,1616
883,412,6,1295
432,111,3,543
501,662,1,1163
251,226,5,477
510,176,6,686
284,469,9,753
780,105,5,885
449,257,1,706
234,328,10,562
770,905,3,1675
272,707,3,979
64,740,7,804
914,6,1,920
510,231,7,741
481,127,5,608
954,220,10,1174
457,292,10,749
571,714,4,1285
675,344,4,1019
920,651,5,1571
326,595,1,921
425,227,2,652
126,702,8,828
618,1,2,619
574,428,5,1002
214,302,9,516
255,919,4,1174
537,847,8,1384
635,545,4,1180
472,808,6,1280
842,462,7,1304
635,42,6,677
818,271,4,1089
48,427,4,475
598,553,5,1151
146,447,8,593
78,358,1,436
50,124,10,174
485,519,1,1004
841,45,7,886
394,169,6,563
344,319,10,663
621,153,10,774
931,498,3,1429
18,505,2,523
283,94,8,377
325,106,3,431
770,857,1,1627
598,506,10,1104
665,951,6,1616
37,104,6,141
935,180,5,1115
744,105,8,849
707,853,5,1560
883,286,9,1169
254,289,3,543
609,993,4,1602
811,547,9,1358
221,807,5,1028
243,185,6,428
979,825,10,1804
921,156,10,1077
931,38,4,969
167,755,9,922
301,945,4,1246
209,967,4,1176
142,620,4,762
71,479,9,550
767,154,1,921
856,571,8,1427
345,324,3,669
167,327,7,494
451,679,7,1130
951,450,7,1401
616,403,6,1019
346,100,7,446
524,317,5,841
442,118,10,560
867,539,6,1406
924,71,10,995
302,359,9,661
843,962,4,1805
359,917,1,1276
859,309,6,1168
288,305,9,593
638,828,9,1466
150,717,6,867
968,996,9,1964
117,587,8,704
612,553,5,1165
337,601,2,938
841,851,5,1692
658,902,6,1560
888,861,2,1749
145,438,2,583
271,479,6,750
566,881,8,1447
629,938,5,1567
852,454,2,1306
435,343,9,778
447,562,1,1009
347,335,9,682
381,480,2,861
999,653,7,1652
870,270,2,1140
505,232,10,737
49,784,10,833
619,56,10,675
468,34,5,502
442,212,8,654
995,650,7,1645
617,735,10,1352
704,83,6,787
74,991,4,1065
552,550,8,1102
358,686,5,1044
624,365,3,989
801,597,5,1398
416,938,6,1354
419,954,8,1373
196,113,5,309
489,862,5,1351
196,907,6,1103
476,344,7,820
494,910,10,1404
200,718,2,918
494,384,10,878
401,425,1,826
136,484,8,620
996,820,9,1816
427,702,4,1129
138,620,2,758
506,796,7,1302
879,373,6,1252
558,304,4,862
947,485,10,1432
198,984,4,1182
271,451,8,722
737,767,10,1504
143,431,3,574
530,612,9,1142
24,837,3,861
521,593,5,1114
215,719,6,934
930,204,5,1134
608,336,1,944
250,724,3,974
412,695,9,1107
426,276,10,702
242,572,1,814
210,317,10,527
676,449,8,1125
195,691,2,886
490,825,6,1315
371,509,6,880
98,801,4,899
372,449,10,821
855,867,7,1722
163,989,10,1152
455,167,8,622
823,362,3,1185
818,217,5,1035
947,512,10,1459
700,72,3,772
267,845,8,1112
178,934,6,1112
675,362,5,1037
170,314,3,484
719,524,9,1243
942,260,1,1202
2,384,4,386
781,904,10,1685
580,153,2,733
446,39,1,485
589,771,4,1360
205,499,5,704
170,589,6,759
738,290,6,1028
882,201,8,1083
242,533,7,775
614,105,8,719
79,474,7,553
714,890,10,1604
256,879,3,1135
849,515,1,1364
253,359,4,612
350,917,10,1267
253,432,2,685
774,121,8,895
597,158,10,755
360,826,3,1186
565,337,8,902
680,861,9,1541
24,276,7,300
199,235,1,434
596,855,1,1451
849,139,9,988
852,571,2,1423
268,936,3,1204
914,82,4,996
658,355,5,1013
509,357,5,866
281,558,7,839
15,986,3,1001
87,363,2,450
113,75,1,188
820,582,10,1402
394,702,7,1096
583,792,9,1375
584,459,1,1043
763,454,8,1217
647,361,4,1008
67,223,4,290
613,475,8,1088
525,980,8,1505
743,430,1,1173
807,78,7,885
22,669,8,691
646,384,6,1030
713,705,6,1418
37,942,8,979
833,969,1,1802
8,937,9,945
463,976,8,1439
211,538,5,749
75,511,9,586
908,161,5,1069
941,876,4,1817
886,211,6,1097
503,881,5,1384
631,92,5,723
546,438,5,984
397,657,5,1054
949,636,8,1585
408,629,2,1037
638,214,6,852
834,951,9,1785
504,622,1,1126
492,960,8,1452
670,227,10,897
203,732,5,935
176,684,10,860
801,180,8,981
395,984,7,1379
334,401,9,735
896,811,4,1707
355,779,8,1134
336,838,3,1174
380,305,9,685
210,109,3,319
982,490,3,1472
860,439,6,1299
580,31,9,611
209,697,4,906
294,301,6,595
455,885,5,1340
378,819,10,1197
556,112,3,668
32,398,3,430
998,127,10,1125
543,242,9,785
396,40,2,436
258,345,9,603
290,238,5,528
962,264,3,1226
336,105,6,441
961,370,3,1331
894,942,7,1836
598,495,9,1093
789,893,6,1682
241,539,9,780
980,257,6,1237
916,205,10,1121
495,84,10,579
13,65,9,78
102,551,6,653
162,661,4,823
12,822,3,834
385,469,2,854
733,824,10,1557
856,21,6,877
474,470,7,944
305,613,2,918
258,928,1,1186
231,697,8,928
180,469,5,649
695,933,9,1628
582,95,8,677
420,911,5,1331
684,176,7,860
241,794,3,1035
555,120,6,675
681,552,4,1233
956,340,5,1296
701,5,7,706
738,215,3,953
321,613,9,934
671,593,8,1264
581,992,1,1573
426,998,7,1424
865,920,3,1785
448,400,4,848
33,279,7,312
731,419,8,1150
365,34,1,399
757,364,3,1121
620,355,7,975
706,616,3,1322
240,221,2,461
126,160,3,286
175,77,7,252
298,553,6,851
621,945,6,1566
580,633,10,1213
825,257,10,1082
438,299,6,737
157,908,3,1065
591,10,10,601
55,891,1,946
196,442,10,638
830,206,6,1036
330,419,8,749
357,127,1,484
62,460,9,522
638,665,3,1303
55,796,8,851
310,221,7,531
371,455,9,826
379,469,8,848
236,570,4,806
504,36,7,540
460,41,1,501
352,317,4,669
859,551,1,1410
806,185,4,991
180,44,4,224
98,889,2,987
363,798,3,1161
48,184,9,232
386,119,7,505
998,232,7,1230
683,192,3,875
461,276,3,737
406,538,10,944
804,944,6,1748
514,704,3,1218
604,640,4,1244
494,265,10,759
191,929,1,1120
146,354,7,500
445,857,1,1302
172,657,5,829
149,514,3,663
733,947,6,1680
276,744,7,1020
87,841,5,928
806,964,2,1770
309,72,9,381
193,380,7,573
589,170,10,759
365,546,4,911
414,319,2,733
180,988,7,1168
88,265,6,353
493,236,5,729
558,58,6,616
577,169,8,746
655,76,10,731
907,276,5,1183
188,24,5,212
365,462,2,827
987,657,1,1644
611,833,7,1444
963,203,7,1166
532,639,7,1171
535,928,6,1463
658,453,10,1111
535,604,6,1139
40,559,3,599
188,916,6,1104
815,937,4,1752
855,89,8,944
512,166,2,678
223,17,6,240
898,294,5,1192
325,292,6,617
396,446,3,842
287,320,4,607
928,195,7,1123
384,912,8,1296
209,857,6,1066
957,497,5,1454
710,291,4,1001
343,977,7,1320
650,791,4,1441
558,943,8,1501
835,398,8,1233
778,308,3,1086
388,158,10,546
427,108,9,535
616,682,10,1298
558,524,7,1082
583,422,3,1005
679,526,3,1205
373,971,9,1344
178,441,1,619
170,202,4,372
604,44,8,648
999,372,7,1371
123,83,3,206
831,452,4,1283
886,561,5,1447
977,410,1,1387
485,199,2,684
937,469,5,1406
93,412,1,505
73,362,9,435
372,285,7,657
186,217,5,403
958,642,2,1600
973,680,3,1653
63,634,7,697
474,544,10,1018
770,666,8,1436
168,455,8,623
511,691,6,1202
787,536,10,1323
234,281,6,515
381,539,4,920
320,236,5,556
689,526,2,1215
544,431,5,975
77,943,9,1020
428,466,10,894
623,687,6,1310
647,846,1,1493
46,250,6,296
369,472,7,841
157,375,2,532
764,334,8,1098
745,577,10,1322
188,33,4,221
66,299,4,365
553,291,4,844
392,226,5,618
674,85,10,759
814,851,1,1665
779,676,4,1455
348,810,1,1158
860,703,6,1563
318,958,5,1276
694,236,1,930
37,592,10,629
0,317,4,317
753,872,9,1625
10,337,6,347
114,98,5,212
353,595,6,948
53,400,4,453
406,76,10,482
83,764,5,847
906,212,10,1118
212,668,10,880
425,658,7,1083
678,689,2,1367
150,826,6,976
47,306,1,353
890,704,5,1594
951,226,7,1177
935,640,1,1575
917,147,10,1064
882,380,2,1262
19,71,3,90
304,401,10,705
443,148,7,591
129,792,8,921
196,275,9,471
490,153,4,643
939,687,3,1626
98,279,10,377
752,697,1,1449
489,82,3,571
598,945,10,1543
726,265,10,991
303,546,10,849
527,954,2,1481
797,331,6,1128
482,657,7,1139
127,252,1,379
298,525,8,823
208,18,5,226
414,537,2,951
929,521,2,1450
608,168,2,776
869,271,5,1140
539,348,7,887
521,339,7,860
980,532,4,1512
274,455,1,729
819,413,6,1232
789,43,4,832
716,868,5,1584
760,0,8,760
167,891,1,1058
701,106,6,807
843,602,10,1445
687,308,1,995
516,214,4,730
749,937,8,1686
727,162,10,889
149,673,3,822
928,357,10,1285
741,93,4,834
771,628,2,1399
986,149,10,1135
586,55,4,641
726,195,6,921
490,363,10,853
631,117,8,748
452,530,7,982
350,250,5,600
649,392,1,1041
469,270,1,739
705,343,3,1048
673,540,7,1213
182,449,6,631
812,508,3,1320
690,773,1,1463
525,476,5,1001
111,412,6,523
537,17,5,554
684,494,2,1178
248,126,1,374
789,682,9,1471
295,620,9,915
164,815,3,979
672,748,3,1420
800,379,10,1179
5,759,8,764
608,85,7,693
852,610,2,1462
442,865,10,1307
992,402,8,1394
994,873,1,1867
650,729,3,1379
791,936,1,1727
454,423,7,877
563,311,4,874
381,573,4,954
85,408,8,493
180,663,4,843
518,410,5,928
64,339,10,403
382,49,6,431
973,864,6,1837
609,694,2,1303
928,565,3,1493
222,568,3,790
774,806,4,1580
196,258,1,454
330,641,1,971
441,967,10,1408
865,64,6,929
885,995,8,1880
308,811,5,1119
169,979,6,1148
577,42,1,619
224,636,10,860
290,650,3,940
970,60,9,1030
664,322,3,986
855,68,5,923
721,271,10,992
411,206,5,617
169,95,6,264
750,886,2,1636
693,725,6,1418
926,452,9,1378
640,532,10,1172
880,549,5,1429
656,332,6,988
831,364,8,1195
324,699,10,1023
425,894,7,1319
801,856,7,1657
77,211,9,288
962,552,4,1514
594,947,3,1541
471,775,8,1246
394,738,4,1132
528,411,4,939
22,639,5,661
558,879,10,1437
845,792,7,1637
177,739,2,916
72,566,2,638
688,167,8,855
898,344,10,1242
669,807,5,1476
237,175,5,412
914,418,5,1332
94,78,9,172
998,520,3,1518
958,290,9,1248
554,993,1,1547
548,335,6,883
771,935,7,1706
394,489,2,883
358,960,7,1318
599,442,9,1041
70,586,5,656
729,371,5,1100
745,756,7,1501
645,819,3,1464
0,695,8,695
287,545,2,832
367,525,10,892
759,900,9,1659
710,78,7,788
303,991,9,1294
235,646,2,881
838,29,9,867
678,620,9,1298
955,364,6,1319
261,642,1,903
382,39,5,421
386,670,7,1056
339,135,7,474
243,76,4,319
221,781,1,1002
840,673,9,1513
563,293,2,856
33,537,4,570
800,890,2,1690
242,372,5,614
532,95,8,627
958,823,5,1781
57,189,1,246
956,443,2,1399
852,675,8,1527
853,682,7,1535
941,553,7,1494
138,6,1,144
84,559,8,643
756,260,7,1016
907,399,7,1306
793,519,1,1312
301,588,1,889
694,3,5,697
661,521,6,1182
957,418,8,1375
233,505,9,738
282,528,10,810
671,464,4,1135
75,573,9,648
266,5,2,271
537,828,10,1365
879,451,2,1330
278,670,1,948
695,138,9,833
973,50,6,1023
678,642,2,1320
235,828,4,1063
236,741,7,977
239,398,6,637
673,728,10,1401
365,782,5,1147
180,30,5,210
127,160,7,287
294,425,5,719
752,186,5,938
487,510,1,997
312,827,3,1139
461,434,2,895
872,167,4,1039
685,983,9,1668
480,172,5,652
620,145,9,765
135,337,2,472
524,164,3,688
505,647,9,1152
164,846,7,1010
716,964,9,1680
927,501,4,1428
886,180,10,1066
78,291,10,369
177,905,3,1082
733,255,4,988
55,521,5,576
397,41,7,438
284,618,5,902
501,251,3,752
598,612,1,1210
65,344,6,409
931,731,8,1662
645,584,5,1229
463,58,5,521
126,823,2,949
86,74,3,160
363,506,8,869
914,336,10,1250
206,980,9,1186
428,189,7,617
452,141,8,593
73,668,2,741
438,596,1,1034
569,317,1,886
555,756,4,1311
91,316,9,407
129,306,5,435
11,365,6,376
800,222,9,1022
466,895,8,1361
231,71,1,302
667,913,1,1580
568,748,8,1316
353,727,1,1080
198,303,5,501
777,443,2,1220
479,735,2,1214
781,36,7,817
860,157,3,1017
891,190,8,1081
202,218,8,420
751,258,4,1009
279,840,3,1119
433,267,4,700
811,886,3,1697
824,340,6,1164
630,106,3,736
356,478,8,834
784,250,10,1034
234,632,6,866
663,262,10,925
662,120,10,782
648,449,8,1097
903,315,3,1218
952,297,9,1249
766,195,6,961
444,935,3,1379
904,988,7,1892
536,320,8,856
718,148,7,866
707,230,7,937
796,124,10,920
956,404,4,1360
492,938,1,1430
678,383,8,1061
148,35,3,183
311,54,8,365
993,806,6,1799
440,687,10,1127
793,289,8,1082
797,239,3,1036
446,190,7,636
527,356,1,883
577,668,1,1245
967,134,6,1101
302,757,2,1059
753,145,8,898
591,494,1,1085
136,740,4,876
404,468,5,872
631,448,5,1079
249,795,5,1044
423,570,3,993
46,479,8,525
836,157,8,993
386,250,8,636
572,874,10,1446
796,161,9,957
646,183,8,829
262,826,3,1088
678,997,8,1675
52,722,2,774
930,879,9,1809
645,27,8,672
889,27,6,916
948,682,5,1630
782,551,6,1333
554,200,7,754
177,341,7,518
858,102,5,960
599,887,1,1486
593,285,9,878
717,392,4,1109
437,594,2,1031
877,638,5,1515
388,231,6,619
523,78,10,601
606,249,7,855
272,940,3,1212
905,274,8,1179
903,362,2,1265
700,787,6,1487
278,963,9,1241
903,928,9,1831
964,566,1,1530
876,453,4,1329
626,186,9,812
200,406,10,606
37,567,2,604
250,27,5,277
891,159,2,1050
177,978,5,1155
875,968,2,1843
889,358,7,1247
441,713,3,1154
829,150,1,979
620,297,1,917
241,776,8,1017
150,941,5,1091
635,519,7,1154
172,640,5,812
232,480,9,712
63,211,5,274
119,832,9,951
129,574,6,703
176,92,10,268
791,933,10,1724
308,941,5,1249
704,502,2,1206
726,849,2,1575
693,319,4,1012
397,98,10,495
577,579,2,1156
843,850,4,1693
913,767,6,1680
711,409,8,1120
480,724,5,1204
774,904,1,1678
661,438,1,1099
13,321,7,334
431,591,1,1022
621,407,9,1028
317,53,6,370
160,51,6,211
868,786,10,1654
165,237,8,402
892,776,3,1668
104,484,9,588
224,278,4,502
57,770,9,827
425,821,7,1246
596,910,9,1506
905,139,7,1044
669,179,10,848
685,996,8,1681
549,473,8,1022
160,331,7,491
5,191,9,196
726,905,5,1631
6,432,4,438
370,854,6,1224
805,972,9,1777
273,521,3,794
311,839,1,1150
416,248,8,664
858,221,7,1079
125,673,2,798
540,566,6,1106
964,289,7,1253
189,998,8,1187
349,286,9,635
708,599,9,1307
294,791,2,1085
604,283,9,887
978,999,9,1977
367,38,10,405
373,151,3,524
694,633,10,1327
909,340,8,1249
379,976,1,1355
509,502,5,1011
209,959,6,1168
688,517,10,1205
585,449,8,1034
29,688,1,717
384,339,5,723
686,706,1,1392
282,846,5,1128
700,285,9,985
777,479,3,1256
458,517,2,975
634,736,1,1370
48,276,1,324
408,27,2,435
16,880,7,896
278,77,8,355
533,943,8,1476
235,803,5,1038
142,495,9,637
320,491,3,811
412,15,10,427
175,626,1,801
843,708,9,1551
289,577,8,866
935,133,1,1068
893,578,4,1471
456,346,8,802
988,16,2,1004
320,677,1,997
194,947,8,1141
449,665,4,1114
93,112,6,205
244,763,5,1007
802,626,10,1428
515,788,6,1303
21,439,1,460
720,186,1,906
618,338,7,956
535,527,1,1062
895,26,9,921
687,40,3,727
824,886,2,1710
981,179,8,1160
985,82,8,1067
662,621,5,1283
764,429,8,1193
430,168,9,598
213,741,10,954
352,969,10,1321
996,970,8,1966
325,232,3,557
234,217,10,451
4,408,9,412
89,633,10,722
389,965,7,1354
755,755,5,1510
594,163,4,757
19,78,3,97
159,428,4,587
325,151,2,476
878,455,10,1333
856,322,7,1178
627,60,1,687
752,717,9,1469
502,123,10,625
320,945,2,1265
678,204,10,882
781,359,9,1140
492,241,3,733
565,451,6,1016
155,723,6,878
405,223,7,628
299,548,8,847
947,686,9,1633
420,13,4,433
650,930,2,1580
833,887,6,1720
977,612,9,1589
255,67,7,322
100,401,5,501
363,502,6,865
836,897,2,1733
619,129,10,748
598,392,4,990
377,325,9,702
185,755,7,940
166,217,1,383
242,125,6,367
680,37,7,717
556,569,3,1125
396,865,5,1261
414,904,8,1318
419,72,5,491
671,235,7,906
738,20,8,758
993,529,2,1522
704,375,1,1079
38,958,1,996
313,857,1,1170
102,188,6,290
813,854,8,1667
709,884,6,1593
932,205,7,1137
451,314,6,765
387,252,1,639
853,621,1,1474
168,254,5,422
542,11,9,553
41,158,7,199
412,555,2,967
990,749,2,1739
52,290,4,342
274,914,2,1188
123,673,8,796
480,694,2,1174
412,458,4,870
749,378,5,1127
99,649,10,748
205,967,7,1172
735,92,9,827
698,358,9,1056
895,164,8,1059
566,257,5,823
136,888,7,1024
517,976,9,1493
278,863,1,1141
788,957,8,1745
267,526,9,793
503,36,6,539
461,227,2,688
609,598,8,1207
315,538,5,853
782,489,8,1271
803,302,2,1105
694,149,8,843
498,490,9,988
179,77,7,256
684,551,8,1235
994,551,4,1545
368,66,5,434
52,444,6,496
847,929,5,1776
135,995,3,1130
191,338,5,529
892,456,10,1348
238,164,5,402
530,648,9,1178
609,988,3,1597
684,213,10,897
943,847,7,1790
892,763,3,1655
109,932,4,1041
954,735,6,1689
730,443,4,1173
389,775,1,1164
192,770,8,962
555,779,6,1334
959,122,10,1081
324,567,2,891
914,684,1,1598
783,236,8,1019
845,859,10,1704
437,89,5,526
346,218,6,564
674,808,1,1482
782,902,9,1684
79,300,5,379
92,982,6,1074
20,948,5,968
155,530,2,685
115,265,5,380
543,746,4,1289
396,722,10,1118
704,562,1,1266
350,79,8,429
798,374,5,1172
616,333,4,949
461,54,4,515
983,440,8,1423
767,165,6,932
962,76,3,1038
313,436,4,749
441,588,10,1029
70,749,1,819
631,313,2,944
435,720,9,1155
294,821,9,1115
303,412,9,715
36,252,10,288
35,240,2,275
281,430,4,711
502,679,5,1181
625,890,6,1515
556,894,8,1450
695,579,6,1274
801,390,1,1191
776,903,9,1679
906,876,10,1782
323,201,2,524
922,561,10,1483
741,311,10,1052
493,708,7,1201
730,410,5,1140
422,902,4,1324
816,569,5,1385
547,676,2,1223
987,5,8,992
101,994,5,1095
399,323,7,722
426,368,1,794
811,836,7,1647
793,544,7,1337
284,878,6,1162
18,553,5,571
79,895,2,974
99,761,1,860
372,879,2,1251
434,759,8,1193
96,514,8,610
689,416,9,1105
69,700,8,769
838,281,8,1119
180,785,2,965
578,780,10,1358
215,501,2,716
960,344,2,1304
302,119,7,421
278,477,5,755
17,606,10,623
630,529,7,1159
202,463,3,665
539,626,10,1165
707,105,3,812
973,258,4,1231
966,307,10,1273
795,469,4,1264
989,769,9,1758
508,546,10,1054
358,726,5,1084
395,479,2,874
184,94,4,278
904,605,4,1509
827,857,4,1684
17,628,4,645
650,845,7,1495
649,363,7,1012
260,997,8,1257
419,120,1,539
584,365,3,949
850,426,7,1276
360,105,7,465
643,103,7,746
106,157,6,263
721,346,4,1067
896,514,1,1410
840,747,5,1587
536,404,6,940
384,854,8,1238
722,29,8,751
153,104,4,257
713,50,4,763
152,160,3,312
418,323,4,741
415,509,3,924
213,509,9,722
845,579,10,1424
902,556,5,1458
39,18,7,57
734,232,7,966
835,66,3,901
517,851,1,1368
175,862,4,1037
806,906,3,1712
509,956,1,1465
760,307,10,1067
417,964,9,1381
946,975,3,1921
452,165,8,617
597,279,2,876
389,468,4,857
12,45,1,57
563,358,1,921
674,939,2,1613
547,141,3,688
353,795,9,1148
432,116,9,548
249,56,7,305
31,66,3,97
872,796,6,1668
188,528,8,716
384,103,3,487
675,732,9,1407
712,732,5,1444
473,661,1,1134
312,839,2,1151
825,452,9,1277
949,529,9,1478
895,778,3,1673
329,615,7,944
474,48,6,522
664,573,1,1237
688,592,6,1280
342,320,10,662
222,866,9,1088
167,672,7,839
448,496,7,944
119,263,1,382
622,943,5,1565
689,557,2,1246
916,101,10,1017
87,177,7,264
329,238,1,567
534,472,6,1006
156,105,4,261
177,804,6,981
163,836,6,999
290,406,10,696
284,864,10,1148
373,212,6,585
385,36,10,421
474,607,5,1081
922,370,7,1292
825,532,1,1357
313,993,8,1306
527,457,10,984
908,823,10,1731
843,718,2,1561
826,207,5,1033
559,572,6,1131
830,515,6,1345
233,423,4,656
991,319,8,1310
146,607,7,753
810,784,6,1594
984,342,1,1326
197,979,7,1176
149,792,7,941
457,759,6,1216
372,251,5,623
155,875,9,1030
451,103,8,554
807,290,10,1097
464,131,2,595
718,84,5,802
930,16,9,946
865,268,8,1133
373,813,8,1186
901,248,4,1149
946,665,6,1611
126,570,4,696
53,921,2,974
586,472,5,1058
568,755,1,1323
849,764,10,1613
348,31,7,379
840,538,5,1378
586,540,7,1126
300,244,7,544
89,804,1,893
373,955,2,1328
632,589,9,1221
168,733,2,901
332,30,10,362
439,206,4,645
691,553,10,1244
165,421,6,586
579,96,5,675
289,110,2,399
402,729,3,1131
929,303,8,1232
322,478,6,800
135,117,9,252
559,495,4,1054
490,468,6,958
609,331,6,940
841,128,10,969
806,470,5,1276
956,164,4,1120
341,532,6,873
289,739,3,1028
690,870,4,1560
912,634,10,1546
785,650,8,1435
251,105,10,356
994,28,10,1022
970,615,1,1585
609,46,4,655
819,835,6,1654
943,397,10,1340
263,591,3,854
598,25,7,623
789,147,8,936
514,336,2,850
274,536,1,810
427,168,3,595
829,997,10,1826
572,301,8,873
152,158,2,310
439,589,8,1028
992,792,8,1784
66,559,6,625
9,643,8,652
355,639,10,994
189,469,10,658
217,656,1,873
327,844,7,1171
172,780,6,952
210,262,2,472
970,209,3,1179
134,327,8,461
995,880,8,1875
94,239,7,333
273,341,6,614
669,129,10,798
32,371,7,403
713,471,2,1184
477,763,3,1240
498,43,1,541
584,813,3,1397
685,441,9,1126
426,344,5,770
847,478,4,1325
371,424,5,795
387,905,8,1292
892,765,3,1657
725,687,2,1412
898,799,2,1697
529,317,5,846
513,953,3,1466
85,402,8,487
550,931,5,1481
506,871,7,1377
444,625,6,1069
755,395,9,1150
258,491,10,749
746,200,10,946
361,415,4,776
780,194,8,974
609,195,4,804
151,914,5,1065
107,849,8,956
823,929,6,1752
91,311,2,402
312,454,7,766
339,865,7,1204
505,153,8,658
135,964,3,1099
994,400,4,1394
961,104,9,1065
516,677,7,1193
983,161,1,1144
119,909,1,1028
310,665,9,975
24,899,10,923
34,248,1,282
378,728,9,1106
119,417,8,536
482,879,10,1361
847,298,7,1145
42,647,3,689
699,950,6,1649
965,52,2,1017
908,821,2,1729
346,900,9,1246
875,716,1,1591
161,145,8,306
565,25,7,590
230,658,10,888
702,279,1,981
281,626,9,907
646,996,8,1642
981,19,7,1000
96,618,4,714
333,648,10,981
452,619,6,1071
595,106,6,701
588,147,4,735
405,540,10,945
845,604,3,1449
758,177,1,935
901,776,8,1677
661,254,9,915
118,388,6,506
462,446,7,908
340,67,4,407
713,878,3,1591
919,805,3,1724
130,850,10,980
742,791,7,1533
876,210,8,1086
770,128,8,898
50,518,9,568
259,629,4,888
430,942,3,1372
91,504,1,595
670,154,7,824
258,325,5,583
288,414,1,702
822,381,8,1203
825,514,3,1339
177,365,10,542
713,986,2,1699
135,428,6,563
452,330,9,782
842,185,8,1027
698,338,1,1036
402,778,9,1180
142,432,2,574
638,494,1,1132
271,888,3,1159
305,144,7,449
620,321,6,941
863,258,10,1121
167,236,9,403
758,531,6,1289
729,329,8,1058
660,204,4,864
488,991,5,1479
582,137,1,719
864,38,10,902
409,912,10,1321
812,821,5,1633
918,843,6,1761
579,785,3,1364
758,23,9,781
87,145,6,232
159,979,7,1138
816,761,5,1577
419,705,6,1124
247,685,8,932
543,245,10,788
691,941,10,1632
134,44,10,178
295,444,8,739
110,888,8,998
32,381,4,413
523,669,8,1192
386,838,1,1224
347,600,9,947
512,797,6,1309
568,658,10,1226
58,701,5,759
506,353,7,859
786,812,3,1598
954,837,5,1791
569,404,10,973
349,150,4,499
821,153,1,974
430,745,1,1175
418,696,9,1114
669,988,9,1657
768,270,9,1038
350,406,9,756
64,809,9,873
135,979,3,1114
845,528,7,1373
54,636,9,690
22,287,5,309
98,693,6,791
968,167,1,1135
882,528,8,1410
870,312,3,1182
204,679,3,883
15,746,3,761
730,158,10,888
785,268,2,1053
93,415,10,508
727,474,5,1201
412,165,10,577
31,78,9,109
902,871,3,1773
367,179,6,546
76,459,3,535
132,868,4,1000
823,628,7,1451
536,52,5,588
95,400,7,495
364,149,3,513
575,751,3,1326
538,17,7,555
272,642,10,914
117,88,10,205
222,630,7,852
229,173,1,402
385,638,3,1023
419,396,10,815
611,375,8,986
525,532,10,1057
953,437,7,1390
994,373,9,1367
207,758,5,965
314,187,6,501
438,362,3,800
615,43,4,658
280,314,9,594
239,675,9,914
919,397,8,1316
721,606,3,1327
862,620,10,1482
431,206,7,637
266,777,3,1043
224,728,9,952
215,784,9,999
11,411,3,422
922,752,3,1674
124,304,1,428
544,364,10,908
354,618,10,972
628,546,7,1174
472,822,5,1294
59,394,4,453
607,680,9,1287
148,15,3,163
940,841,8,1781
836,320,7,1156
120,908,9,1028
198,390,4,588
743,935,8,1678
671,309,3,980
368,150,6,518
480,635,3,1115
332,749,9,1081
528,266,3,794
172,167,7,339
195,664,2,859
576,356,3,932
831,845,7,1676
53,358,9,411
72,482,6,554
633,311,4,944
10,322,2,332
59,237,2,296
597,359,9,956
871,755,4,1626
828,536,8,1364
208,133,1,341
743,543,1,1286
839,735,4,1574
138,330,6,468
333,60,9,393
474,500,10,974
293,319,6,612
946,380,1,1326
205,843,3,1048
215,797,4,1012
636,492,9,1128
854,125,10,979
527,791,7,1318
943,799,4,1742
319,338,4,657
44,604,1,648
813,702,1,1515
656,302,9,958
243,993,9,1236
355,357,3,712
602,503,5,1105
827,417,1,1244
855,742,4,1597
542,204,5,746
747,684,5,1431
293,729,4,1022
60,307,5,367
106,573,6,679
543,910,7,1453
88,702,10,790
702,711,3,1413
806,7,9,813
79,665,1,744
840,78,5,918
990,816,4,1806
825,543,2,1368
414,360,8,774
403,141,8,544
495,176,6,671
256,895,8,1151
288,39,3,327
357,742,7,1099
265,896,9,1161
613,173,10,786
351,437,4,788
528,436,3,964
526,300,7,826
35,523,9,558
897,467,3,1364
615,424,9,1039
981,157,5,1138
360,4,6,364
17,792,7,809
911,304,6,1215
126,618,5,744
90,854,4,944
760,502,3,1262
719,683,1,1402
666,119,8,785
674,456,8,1130
353,701,5,1054
125,516,3,641
984,241,1,1225
203,791,1,994
690,889,10,1579
189,750,5,939
846,206,10,1052
596,257,10,853
835,135,2,970
329,224,5,553
311,635,9,946
471,859,7,1330
640,264,7,904
779,288,5,1067
628,384,4,1012
769,163,7,932
166,244,8,410
744,213,3,957
769,256,9,1025
408,278,8,686
802,292,9,1094
284,458,7,742
256,620,1,876
395,176,6,571
79,996,4,1075
352,124,5,476
426,355,10,781
982,614,9,1596
117,330,7,447
814,230,5,1044
260,42,4,302
336,875,1,1211
54,618,2,672
286,717,9,1003
825,741,1,1566
603,833,3,1436
347,244,8,591
17,865,4,882
449,33,1,482
304,813,10,1117
430,652,4,1082
615,768,7,1383
576,286,3,862
253,265,8,518
417,324,4,741
955,285,1,1240
530,457,8,987
606,453,9,1059
123,700,7,823
630,238,5,868
803,980,3,1783
698,414,9,1112
252,335,3,587
491,619,6,1110
946,993,4,1939
895,857,8,1752
859,42,5,901
620,643,3,1263
908,806,9,1714
174,522,10,696
886,190,9,1076
380,484,3,864
895,1,8,896
323,496,6,819
898,674,4,1572
267,949,4,1216
910,930,7,1840
438,248,6,686
131,872,6,1003
488,521,3,1009
774,810,7,1584
903,209,3,1112
481,344,7,825
380,522,7,902
360,892,8,1252
113,643,5,756
388,174,1,562
836,465,8,1301
84,827,3,911
75,611,4,686
522,842,5,1364
171,862,5,1033
772,196,5,968
296,664,10,960
10,931,8,941
407,456,10,863
919,584,2,1503
137,823,8,960
559,396,5,955
13,659,6,672
136,517,8,653
369,194,2,563
904,51,7,955
539,628,6,1167
640,835,7,1475
918,89,1,1007
790,986,8,1776
230,99,3,329
846,517,8,1363
223,457,10,680
58,185,2,243
85,297,6,382
476,889,9,1365
210,541,7,751
673,697,5,1370
623,51,9,674
247,893,3,1140
965,114,5,1079
980,59,9,1039
866,559,2,1425
279,829,10,1108
971,69,9,1040
964,270,5,1234
201,747,6,948
241,152,2,393
99,686,7,785
474,699,2,1173
340,935,5,1275
796,709,8,1505
389,453,10,842
471,627,6,1098
946,754,3,1700
564,953,1,1517
575,862,6,1437
389,212,10,601
660,793,2,1453
938,349,1,1287
437,355,1,792
210,270,3,480
304,399,7,703
33,737,9,770
596,50,7,646
345,327,6,672
960,15,4,975
100,439,1,539
812,319,3,1131
910,801,7,1711
151,702,6,853
17,328,9,345
259,641,9,900
508,536,7,1044
504,922,7,1426
668,114,3,782
571,611,1,1182
801,489,9,1290
754,324,6,1078
305,157,5,462
131,645,4,776
972,918,9,1890
70,232,3,302
950,760,10,1710
4,878,1,882
818,963,5,1781
581,962,4,1543
988,40,8,1028
40,731,3,771
65,930,5,995
196,856,8,1052
764,266,9,1030
31,431,6,462
115,539,9,654
315,901,8,1216
399,768,9,1167
596,836,6,1432
850,798,4,1648
340,78,10,418
535,117,10,652
692,123,4,815
730,354,4,1084
203,99,5,302
287,0,2,287
120,963,1,1083
792,584,1,1376
744,262,9,1006
100,719,4,819
902,106,3,1008
181,858,7,1039
32,394,10,426
431,629,1,1060
272,513,5,785
319,670,1,989
653,297,3,950
854,412,6,1266
526,447,8,973
938,498,4,1436
595,906,10,1501
638,754,1,1392
602,664,8,1266
98,525,2,623
989,847,3,1836
468,902,8,1370
991,453,10,1444
583,644,5,1227
800,586,6,1386
305,264,2,569
333,986,10,1319
777,748,3,1525
86,902,2,988
333,994,1,1327
744,291,3,1035
412,86,3,498
87,288,3,375
670,306,2,976
238,853,2,1091
943,369,2,1312
366,39,10,405
632,253,7,885
581,186,5,767
854,863,9,1717
275,327,7,602
545,447,8,992
274,155,9,429
827,403,2,1230
994,157,5,1151
117,467,3,584
610,43,6,653
335,161,4,496
572,204,9,776
841,212,3,1053
692,939,9,1631
392,848,1,1240
532,51,3,583
928,131,9,1059
338,653,7,991
4,606,2,610
164,437,4,601
831,826,3,1657
772,790,4,1562
388,649,9,1037
381,79,10,460
866,468,6,1334
5,718,4,723
866,89,8,955
274,114,8,388
905,815,4,1720
179,266,10,445
223,387,6,610
350,508,1,858
503,956,7,1459
911,352,6,1263
666,877,8,1543
931,222,3,1153
718,863,4,1581
725,148,7,873
677,420,2,1097
893,869,6,1762
450,78,5,528
564,767,1,1331
162,592,10,754
66,967,7,1033
369,86,3,455
700,848,10,1548
274,576,7,850
137,190,4,327
527,490,5,1017
865,501,7,1366
635,747,7,1382
110,968,4,1078
432,528,10,960
237,669,1,906
935,952,3,1887
106,923,9,1029
681,187,2,868
292,176,3,468
422,331,4,753
33,180,5,213
218,348,1,566
604,651,1,1255
306,960,5,1266
258,873,8,1131
921,301,7,1222
550,139,4,689
536,953,9,1489
401,149,4,550
297,222,2,519
500,182,4,682
900,173,7,1073
833,179,4,1012
385,337,3,722
859,776,6,1635
837,899,5,1736
561,550,9,1111
998,891,3,1889
490,209,1,699
662,131,3,793
459,330,2,789
180,273,4,453
132,391,10,523
228,722,1,950
214,365,7,579
819,475,10,1294
609,62,2,671
167,901,9,1068
604,980,7,1584
555,114,10,669
636,393,4,1029
789,460,2,1249
275,331,3,606
969,665,4,1634
687,404,3,1091
318,221,2,539
567,219,9,786
511,800,7,1311
491,715,2,1206
593,716,1,1309
116,125,2,241
329,686,3,1015
656,306,7,962
323,737,4,1060
807,973,3,1780
503,209,6,712
996,113,9,1109
103,134,3,237
540,761,7,1301
17,180,7,197
989,995,6,1984
412,968,1,1380
50,998,6,1048
856,998,6,1854
913,763,4,1676
305,346,3,651
43,649,4,692
792,893,10,1685
818,876,1,1694
336,723,1,1059
84,713,9,797
853,238,6,1091
453,574,3,1027
14,838,5,852
164,679,1,843
632,732,5,1364
124,524,8,648
177,605,5,782
183,712,8,895
547,632,2,1179
330,419,5,749
46,714,6,760
611,516,9,1127
725,547,5,1272
905,520,2,1425
889,322,9,1211
826,74,10,900
339,46,5,385
170,53,1,223
653,442,4,1095
878,428,5,1306
494,226,7,720
235,815,8,1050
414,342,10,756
477,829,5,1306
582,840,1,1422
396,197,8,593
999,600,8,1599
981,704,1,1685
235,942,8,1177
968,574,1,1542
381,989,7,1370
441,808,6,1249
595,379,8,974
809,95,4,904
927,237,7,1164
709,756,7,1465
261,843,4,1104
244,506,3,750
262,576,2,838
165,663,3,828
475,494,9,969
365,512,8,877
214,642,10,856
875,750,4,1625
99,657,9,756
393,899,2,1292
364,304,2,668
623,285,4,908
182,264,1,446
635,926,3,1561
258,968,8,1226
209,874,6,1083
885,384,8,1269
532,642,1,1174
98,244,4,342
540,3,7,543
890,33,10,923
176,529,5,705
257,12,7,269
790,407,9,1197
680,312,3,992
140,527,6,667
439,788,9,1227
815,405,9,1220
586,945,7,1531
684,631,6,1315
34,279,9,313
763,306,2,1069
952,490,2,1442
608,967,10,1575
68,526,9,594
37,831,6,868
990,667,3,1657
649,908,1,1557
253,82,5,335
818,414,10,1232
375,737,8,1112
785,770,9,1555
144,691,1,835
687,256,3,943
491,35,9,526
587,476,8,1063
525,487,7,1012
102,255,9,357
162,324,10,486
827,119,10,946
32,45,7,77
452,546,4,998
243,734,5,977
874,656,8,1530
679,930,7,1609
825,955,6,1780
523,416,9,939
220,287,10,507
582,717,8,1299
760,484,3,1244
532,428,5,960
781,826,8,1607
634,314,5,948
391,803,3,1194
248,706,9,954
818,924,9,1742
440,442,6,882
197,986,2,1183
421,634,6,1055
773,734,7,1507
85,229,9,314
722,61,8,783
863,755,7,1618
701,356,8,1057
868,501,2,1369
137,458,5,595
888,833,9,1721
625,762,2,1387
288,333,6,621
427,872,6,1299
776,436,3,1212
300,839,9,1139
405,801,9,1206
813,144,5,957
246,655,1,901
337,810,5,1147
993,252,4,1245
871,203,8,1074
551,38,6,589
120,247,5,367
686,434,1,1120
227,176,9,403
873,470,8,1343
288,682,8,970
950,527,8,1477
39,680,7,719
582,767,5,1349
166,164,4,330
639,57,1,696
961,7,2,968
52,951,6,1003
169,760,9,929
838,737,10,1575
479,799,7,1278
972,813,8,1785
565,510,9,1075
172,14,7,186
207,132,4,339
50,609,4,659
495,822,8,1317
403,958,3,1361
808,855,9,1663
642,504,3,1146
116,986,3,1102
186,18,1,204
39,133,1,172
426,559,7,985
370,680,1,1050
47,199,1,246
410,641,8,1051
195,278,6,473
709,975,2,1684
771,717,7,1488
191,868,10,1059
135,843,9,978
836,154,8,990
195,291,2,486
567,706,3,1273
677,592,8,1269
160,787,10,947
990,896,8,1886
357,568,8,925
786,341,6,1127
847,368,9,1215
397,91,6,488
768,348,6,1116
507,873,10,1380
909,622,7,1531
160,160,1,320
82,370,3,452
4,0,4,4
361,585,2,946
470,575,6,1045
517,537,3,1054
741,785,2,1526
515,921,9,1436
878,407,4,1285
635,732,6,1367
650,228,2,878
419,830,2,1249
293,210,4,503
765,170,3,935
746,791,9,1537
721,791,3,1512
989,311,10,1300
109,66,5,175
594,529,6,1123
717,344,5,1061
804,898,6,1702
938,148,4,1086
400,867,6,1267
881,684,8,1565
369,113,1,482
990,170,7,1160
492,920,9,1412
198,591,10,789
60,684,1,744
969,275,7,1244
684,357,6,1041
449,572,2,1021
876,571,7,1447
857,346,7,1203
730,164,9,894
481,52,8,533
860,347,9,1207
248,31,7,279
425,862,10,1287
663,826,2,1489
338,825,10,1163
515,578,4,1093
258,340,7,598
408,656,7,1064
338,238,2,576
703,900,10,1603
297,994,8,1291
691,486,9,1177
228,577,3,805
220,513,7,733
610,513,5,1123
704,807,7,1511
279,491,10,770
103,768,5,871
746,324,4,1070
257,528,7,785
176,53,9,229
782,694,1,1476
764,664,5,1428
441,66,7,507
837,118,3,955
214,736,1,950
631,709,7,1340
111,760,2,871
994,179,6,1173
748,340,10,1088
345,48,6,393
254,630,9,884
940,528,2,1468
578,920,7,1498
852,607,9,1459
906,855,1,1761
347,254,7,601
436,566,3,1002
952,798,4,1750
780,85,3,865
384,214,8,598
385,605,4,990
998,322,10,1320
930,942,10,1872
42,313,2,355
701,509,10,1210
428,473,9,901
819,273,6,1092
811,590,10,1401
734,500,5,1234
289,855,5,1144
921,519,3,1440
13,374,10,387
103,795,4,898
715,837,10,1552
863,60,4,923
505,134,3,639
933,758,5,1691
557,680,10,1237
434,604,1,1038
42,283,2,325
269,403,2,672
750,27,4,777
925,675,8,1600
213,428,3,641
140,401,6,541
934,683,3,1617
133,21,6,154
1,312,9,313
781,194,4,975
233,99,8,332
881,94,1,975
240,755,3,995
70,550,4,620
170,21,8,191
405,291,6,696
998,372,7,1370
81,854,10,935
342,359,10,701
91,194,7,285
409,985,5,1394
188,316,9,504
137,299,5,436
682,805,3,1487
740,911,6,1651
850,82,6,932
257,62,1,319
374,535,3,909
228,333,9,561
10,636,4,646
795,85,4,880
106,282,9,388
67,427,9,494
240,542,7,782
537,3,4,540
506,220,3,726
850,580,2,1430
774,576,8,1350
84,788,1,872
84,807,10,891
115,246,8,361
899,491,6,1390
918,984,10,1902
919,421,8,1340
772,849,4,1621
498,775,1,1273
798,411,4,1209
164,446,4,610
178,736,6,914
624,538,6,1162
137,93,7,230
350,959,7,1309
891,880,5,1771
965,400,9,1365
117,294,1,411
858,669,3,1527
780,618,8,1398
580,612,7,1192
900,753,5,1653
656,289,8,945
301,912,4,1213
525,588,1,1113
617,586,8,1203
691,761,5,1452
724,772,8,1496
619,994,2,1613
443,576,8,1019
888,599,8,1487
55,161,6,216
774,665,4,1439
903,409,2,1312
642,403,3,1045
325,961,8,1286
735,843,4,1578
303,530,8,833
321,814,3,1135
608,989,3,1597
850,394,7,1244
385,327,10,712
458,935,2,1393
297,543,4,840
167,606,2,773
273,831,10,1104
297,610,10,907
486,233,9,719
725,75,9,800
796,130,6,926
281,864,8,1145
70,975,8,1045
348,179,10,527
899,628,6,1527
581,623,10,1204
91,634,9,725
586,936,5,1522
890,365,2,1255
398,704,4,1102
370,511,1,881
418,860,4,1278
324,979,3,1303
549,185,4,734
909,837,6,1746
67,235,1,302
835,443,9,1278
797,67,8,864
42,949,9,991
191,346,6,537
573,101,7,674
854,108,4,962
280,994,4,1274
703,78,7,781
32,677,2,709
832,885,5,1717
431,579,8,1010
547,832,9,1379
727,974,4,1701
196,50,2,246
326,558,10,884
84,901,3,985
25,333,8,358
862,548,3,1410
141,420,7,561
245,666,2,911
452,42,8,494
618,668,5,1286
506,570,4,1076
71,885,3,956
732,169,10,901
208,421,10,629
906,160,5,1066
632,798,3,1430
98,54,4,152
144,946,10,1090
250,34,10,284
699,882,10,1581
128,729,10,857
53,760,2,813
215,129,7,344
802,47,8,849
401,823,6,1224
630,150,7,780
895,643,6,1538
382,970,10,1352
357,144,3,501
760,549,10,1309
875,377,2,1252
650,452,9,1102
246,969,2,1215
944,596,5,1540
101,241,1,342
200,199,7,399
981,911,2,1892
739,421,3,1160
398,544,9,942
72,901,4,973
81,865,5,946
929,878,5,1807
432,372,3,804
920,929,10,1849
49,587,7,636
144,872,3,1016
712,884,1,1596
243,131,3,374
113,773,10,886
243,952,9,1195
126,748,4,874
755,239,4,994
90,73,2,163
552,797,9,1349
794,305,6,1099
482,54,1,536
774,381,4,1155
240,638,5,878
878,140,1,1018
490,694,8,1184
279,352,6,631
283,945,7,1228
577,101,8,678
229,10,8,239
857,451,7,1308
214,824,3,1038
854,529,4,1383
366,560,8,926
886,821,2,1707
624,630,4,1254
851,98,1,949
247,279,9,526
329,511,7,840
805,371,7,1176
891,717,7,1608
584,477,7,1061
488,507,9,995
893,497,9,1390
854,110,1,964
499,963,4,1462
6,825,5,831
107,719,8,826
288,142,7,430
220,661,1,881
271,674,6,945
264,986,1,1250
689,773,4,1462
231,607,8,838
565,418,3,983
575,46,2,621
55,853,1,908
27,140,3,167
834,549,1,1383
966,589,7,1555
57,607,1,664
382,577,10,959
557,200,7,757
502,488,4,990
239,388,4,627
848,507,10,1355
956,152,2,1108
674,759,1,1433
102,385,9,487
797,156,4,953
977,911,1,1888
864,836,7,1700
654,511,1,1165
573,595,9,1168
820,655,7,1475
672,39,2,711
82,518,10,600
607,789,4,1396
14,952,10,966
987,731,9,1718
618,936,7,1554
935,834,4,1769
432,854,8,1286
785,594,3,1379
943,594,5,1537
292,981,9,1273
289,787,7,1076
538,23,1,561
537,919,6,1456
353,528,6,881
21,920,9,941
702,881,7,1583
671,645,7,1316
947,152,7,1099
686,165,5,851
695,932,1,1627
229,426,8,655
570,995,1,1565
28,685,9,713
223,356,1,579
737,333,7,1070
21,904,5,925
791,152,10,943
894,26,8,920
851,682,9,1533
620,291,10,911
404,680,3,1084
725,207,9,932
709,928,3,1637
20,208,3,228
674,151,9,825
372,324,9,696
156,177,5,333
595,422,9,1017
438,314,3,752
7,433,4,440
829,565,8,1394
572,96,4,668
321,957,1,1278
383,845,2,1228
485,447,4,932
724,342,7,1066
776,932,1,1708
949,14,10,963
9,58,8,67
171,528,8,699
879,857,10,1736
206,508,3,714
994,628,9,1622
252,681,1,933
30,463,9,493
249,339,10,588
726,269,5,995
223,394,2,617
92,88,5,180
119,42,4,161
67,637,6,704
833,684,8,1517
267,926,7,1193
256,142,3,398
539,342,7,881
48,140,7,188
343,444,7,787
227,622,2,849
8,4,10,12
380,979,8,1359
125,803,9,928
903,942,5,1845
710,418,10,1128
523,180,9,703
584,17,4,601
148,352,9,500
357,263,2,620
778,745,1,1523
351,867,3,1218
685,902,5,1587
343,837,3,1180
837,450,8,1287
871,547,2,1418
629,264,3,893
160,45,4,205
840,228,7,1068
935,935,9,1870
720,799,2,1519
692,57,10,749
602,352,3,954
897,641,3,1538
441,734,4,1175
933,506,8,1439
634,483,10,1117
396,518,1,914
752,692,5,1444
866,24,6,890
250,136,4,386
304,237,5,541
297,791,9,1088
374,936,2,1310
681,141,1,822
173,659,8,832
446,589,10,1035
300,59,7,359
770,756,7,1526
105,696,2,801
788,745,5,1533
215,734,7,949
568,329,10,897
631,968,1,1599
62,763,1,825
606,293,2,899
392,908,10,1300
868,131,4,999
250,427,6,677
198,463,6,661
127,190,1,317
827,705,9,1532
498,100,4,598
585,39,5,624
465,508,2,973
264,375,5,639
487,572,3,1059
497,670,1,1167
916,652,5,1568
755,499,8,1254
722,912,7,1634
747,86,6,833
595,399,3,994
775,885,1,1660
635,669,3,1304
135,98,2,233
77,634,5,711
2,839,2,841
1,81,6,82
278,274,7,552
390,417,6,807
239,154,5,393
436,327,10,763
668,623,1,1291
542,151,8,693
810,854,4,1664
998,737,10,1735
730,679,2,1409
783,751,3,1534
353,904,6,1257
984,472,2,1456
499,382,4,881
698,705,2,1403
723,17,3,740
870,161,1,1031
114,977,7,1091
373,568,1,941
378,258,8,636
93,407,10,500
17,74,4,91
128,667,6,795
409,562,4,971
647,676,2,1323
234,235,3,469
150,461,8,611
69,650,9,719
24,490,1,514
994,312,9,1306
277,621,9,898
822,264,3,1086
488,484,9,972
358,93,3,451
180,91,6,271
157,204,5,361
224,141,3,365
980,593,9,1573
528,463,3,991
715,350,8,1065
375,419,2,794
645,303,9,948
881,865,3,1746
308,830,2,1138
691,140,6,831
179,220,3,399
308,662,9,970
976,585,2,1561
625,642,10,1267
723,597,5,1320
289,923,2,1212
83,9,8,92
809,13,8,822
12,621,8,633
630,653,6,1283
380,326,9,706
157,832,1,989
110,593,1,703
896,428,9,1324
137,361,2,498
292,176,8,468
460,469,8,929
472,971,9,1443
558,183,6,741
157,714,4,871
167,552,8,719
909,771,5,1680
629,530,7,1159
706,64,5,770
29,967,8,996
460,940,7,1400
961,54,5,1015
700,713,9,1413
613,723,10,1336
584,753,3,1337
344,584,7,928
686,763,2,1449
386,573,8,959
364,756,4,1120
928,940,2,1868
774,387,7,1161
354,386,3,740
673,476,3,1149
164,825,5,989
273,696,1,969
41,298,8,339
125,594,7,719
317,817,2,1134
995,138,1,1133
765,668,3,1433
267,3,2,270
909,41,4,950
195,63,8,258
302,335,3,637
294,696,5,990
858,11,5,869
981,461,4,1442
443,749,1,1192
25,18,9,43
404,853,9,1257
183,403,1,586
376,738,9,1114
694,498,5,1192
502,942,8,1444
863,287,6,1150
351,816,7,1167
930,318,1,1248
615,8,6,623
993,991,6,1984
105,371,3,476
370,254,1,624
801,176,9,977
563,72,5,635
859,669,8,1528
227,710,6,937
946,905,8,1851
505,54,5,559
228,68,4,296
883,903,2,1786
969,701,10,1670
232,424,5,656
691,460,3,1151
176,573,10,749
200,876,2,1076
146,39,2,185
167,297,9,464
646,760,9,1406
200,342,2,542
318,902,1,1220
649,654,3,1303
833,889,1,1722
854,720,9,1574
847,74,4,921
742,779,3,1521
272,513,8,785
237,974,3,1211
310,576,4,886
22,681,10,703
388,411,6,799
396,603,10,999
3,393,10,396
973,533,8,1506
98,776,2,874
746,592,7,1338
222,239,10,461
99,723,9,822
965,146,8,1111
803,700,6,1503
395,263,7,658
89,776,6,865
110,463,2,573
534,167,2,701
761,554,2,1315
991,422,4,1413
9,684,6,693
819,394,1,1213
119,246,4,365
151,970,8,1121
423,393,9,816
951,876,9,1827
113,484,7,597
694,157,8,851
985,414,6,1399
237,267,10,504
730,826,4,1556
400,994,8,1394
709,348,2,1057
48,669,8,717
491,548,10,1039
415,204,3,619
412,885,4,1297
168,836,9,1004
173,630,5,803
152,273,8,425
375,513,1,888
594,367,6,961
434,504,2,938
535,744,9,1279
158,132,8,290
930,424,4,1354
586,713,3,1299
252,557,7,809
801,630,7,1431
85,961,6,1046
241,908,9,1149
511,941,3,1452
690,634,9,1324
303,891,8,1194
831,272,10,1103
611,666,8,1277
304,123,6,427
409,864,1,1273
319,418,6,737
943,997,7,1940
257,997,3,1254
184,768,6,952
654,793,5,1447
790,523,6,1313
238,195,7,433
689,751,5,1440
703,125,3,828
508,749,4,1257
339,854,6,1193
750,19,6,769
745,419,1,1164
622,84,4,706
816,55,9,871
589,639,3,1228
517,644,5,1161
500,118,1,618
919,811,6,1730
337,180,10,517
304,836,4,1140
541,619,2,1160
389,219,3,608
94,76,6,170
888,49,5,937
205,478,2,683
250,373,10,623
208,202,6,410
513,139,2,652
742,696,10,1438
29,113,3,142
612,676,1,1288
692,109,7,801
65,277,9,342
393,765,3,1158
672,585,9,1257
226,51,9,277
390,762,7,1152
865,203,10,1068
799,960,2,1759
250,581,3,831
379,888,1,1267
428,120,4,548
242,203,6,445
272,963,8,1235
891,198,8,1089
424,895,5,1319
45,255,3,300
980,41,1,1021
893,173,4,1066
38,261,2,299
100,225,2,325
344,236,6,580
183,684,9,867
440,150,7,590
570,726,5,1296
601,638,10,1239
691,956,2,1647
101,551,5,652
592,573,6,1165
413,635,9,1048
103,996,9,1099
940,473,7,1413
609,939,10,1548
795,266,1,1061
242,284,9,526
52,650,7,702
781,136,6,917
678,141,3,819
6,961,1,967
141,117,1,258
33,264,10,297
942,850,10,1792
987,217,8,1204
293,872,2,1165
174,876,4,1050
725,295,8,1020
25,354,4,379
756,666,2,1422
218,835,7,1053
190,127,2,317
729,855,4,1584
250,980,10,1230
68,147,6,215
582,124,10,706
283,275,10,558
422,974,6,1396
936,532,5,1468
228,697,9,925
770,149,7,919
3,668,6,671
899,912,7,1811
724,569,9,1293
819,6,4,825
103,282,6,385
15,698,4,713
237,25,8,262
80,327,9,407
153,595,10,748
601,521,7,1122
115,798,10,913
719,446,3,1165
514,293,5,807
670,298,1,968
252,260,3,512
913,679,9,1592
456,552,7,1008
137,295,4,432
520,971,7,1491
932,916,2,1848
649,818,7,1467
47,162,5,209
339,750,9,1089
571,58,6,629
520,746,9,1266
447,980,3,1427
304,325,10,629
713,265,8,978
974,770,8,1744
5,60,6,65
470,521,2,991
530,547,4,1077
53,178,1,231
123,324,8,447
299,926,6,1225
176,396,6,572
262,758,8,1020
986,687,8,1673
998,373,4,1371
798,267,2,1065
335,500,8,835
549,290,7,839
893,780,7,1673
157,840,2,997
254,967,6,1221
468,9,9,477
408,892,1,1300
999,488,7,1487
829,521,8,1350
798,66,2,864
575,367,8,942
27,109,5,136
97,541,1,638
230,313,5,543
767,790,10,1557
452,5,8,457
229,339,1,568
441,9,3,450
578,971,2,1549
822,163,3,985
207,93,9,300
217,666,4,883
638,22,3,660
608,721,8,1329
526,168,5,694
663,536,8,1199
916,505,8,1421
673,872,6,1545
462,91,6,553
593,584,2,1177
152,665,6,817
770,211,2,981
375,931,2,1306
829,940,6,1769
508,557,3,1065
619,629,10,1248
490,357,1,847
24,60,3,84
554,523,10,1077
798,343,3,1141
416,11,10,427
816,756,7,1572
570,749,6,1319
636,110,1,746
107,61,10,168
672,933,6,1605
390,355,1,745
421,935,9,1356
985,660,8,1645
273,417,1,690
793,436,6,1229
903,141,6,1044
615,227,7,842
163,248,2,411
455,723,10,1178
989,669,2,1658
178,923,3,1101
942,406,10,1348
805,333,5,1138
903,163,1,1066
851,990,9,1841
371,629,2,1000
322,651,6,973
281,746,9,1027
267,307,9,574
632,370,3,1002
386,700,10,1086
290,800,2,1090
998,680,4,1678
357,823,7,1180
555,146,4,701
958,113,2,1071
696,723,6,1419
508,384,1,892
943,609,2,1552
765,415,7,1180
408,241,6,649
620,680,3,1300
941,626,2,1567
3,666,2,669
997,583,6,1580
144,236,10,380
846,751,2,1597
783,324,9,1107
816,149,2,965
468,973,4,1441
44,649,8,693
868,133,5,1001
32,215,9,247
75,908,8,983
898,991,8,1889
358,369,10,727
357,249,4,606
586,468,8,1054
353,112,6,465
260,747,3,1007
913,733,6,1646
301,476,5,777
977,615,2,1592
10,346,7,356
433,965,4,1398
717,342,9,1059
650,292,2,942
88,938,8,1026
721,15,1,736
991,597,5,1588
257,290,2,547
742,721,2,1463
999,503,8,1502
471,874,5,1345
572,698,3,1270
12,110,9,122
960,337,3,1297
935,974,10,1909
531,622,1,1153
927,845,4,1772
621,459,1,1080
165,641,1,806
125,213,4,338
752,995,10,1747
292,258,6,550
898,818,3,1716
872,400,7,1272
852,697,2,1549
557,548,10,1105
478,829,7,1307
955,397,9,1352
153,70,2,223
344,344,9,688
832,744,1,1576
89,30,8,119
966,95,4,1061
271,996,2,1267
515,980,3,1495
970,128,7,1098
706,670,4,1376
271,220,5,491
760,686,6,1446
807,793,5,1600
887,612,5,1499
797,358,1,1155
536,299,5,835
199,846,6,1045
649,444,6,1093
87,164,8,251
243,972,7,1215
911,271,10,1182
784,887,6,1671
291,13,1,304
682,55,8,737
352,784,4,1136
341,820,7,1161
727,511,7,1238
935,954,6,1889
366,311,7,677
353,381,2,734
955,911,3,1866
468,843,10,1311
100,383,7,483
518,749,3,1267
216,830,10,1046
969,902,1,1871
550,763,5,1313
726,882,5,1608
545,514,8,1059
511,181,8,692
803,495,5,1298
573,265,6,838
864,360,6,1224
861,378,5,1239
997,392,6,1389
147,779,2,926
382,267,4,649
509,258,3,767
802,484,10,1286
903,228,1,1131
89,3,1,92
803,223,10,1026
503,412,5,915
115,254,8,369
785,825,7,1610
544,198,6,742
879,45,2,924
564,717,9,1281
17,703,4,720
800,531,6,1331
925,931,2,1856
66,127,8,193
750,426,7,1176
701,184,2,885
818,844,7,1662
964,574,9,1538
857,438,8,1295
155,815,7,970
190,35,3,225
923,363,10,1286
729,200,6,929
249,603,8,852
673,663,7,1336
676,921,3,1597
694,217,8,911
810,97,9,907
549,977,7,1526
558,136,3,694
41,393,4,434
680,546,3,1226
96,280,2,376
314,909,9,1223
29,286,10,315
616,971,1,1587
837,224,7,1061
71,402,3,473
677,762,8,1439
401,694,9,1095
436,628,10,1064
230,726,1,956
678,420,3,1098
896,97,8,993
857,589,6,1446
56,854,7,910
715,142,4,857
121,9,10,130
379,531,5,910
115,575,4,690
954,208,4,1162
596,440,5,1036
990,158,8,1148
542,206,10,748
983,372,4,1355
697,757,2,1454
374,742,3,1116
98,315,10,413
661,260,2,921
417,550,2,967
439,610,7,1049
487,273,2,760
643,336,9,979
821,69,3,890
552,880,3,1432
169,463,5,632
24,831,9,855
641,133,2,774
809,17,7,826
872,191,8,1063
212,664,2,876
384,113,9,497
883,790,7,1673
216,979,5,1195
399,861,7,1260
564,333,5,897
754,49,4,803
266,707,1,973
370,986,10,1356
846,445,9,1291
475,224,9,699
79,232,5,311
651,942,10,1593
480,708,7,1188
196,440,4,636
244,120,6,364
315,416,5,731
658,692,10,1350
925,542,9,1467
537,37,3,574
584,242,3,826
885,153,2,1038
770,658,1,1428
507,92,4,599
784,195,5,979
688,327,1,1015
71,463,9,534
365,280,6,645
977,858,3,1835
128,623,8,751
329,454,5,783
51,18,6,69
714,241,5,955
353,193,7,546
692,298,9,990
520,987,5,1507
521,101,6,622
39,935,9,974
140,952,7,1092
963,21,1,984
976,396,4,1372
790,100,4,890
191,864,5,1055
394,81,6,475
804,474,3,1278
33,169,10,202
817,704,4,1521
478,201,10,679
825,602,7,1427
76,146,3,222
769,223,5,992
334,881,8,1215
800,475,8,1275
921,356,7,1277
471,854,6,1325
378,33,2,411
863,504,7,1367
366,897,9,1263
722,228,6,950
139,230,4,369
316,653,3,969
548,246,3,794
621,12,2,633
99,795,1,894
719,696,10,1415
633,494,5,1127
537,189,4,726
227,271,1,498
376,599,6,975
278,12,3,290
985,72,3,1057
135,205,8,340
712,870,5,1582
159,708,1,867
725,169,6,894
757,600,9,1357
58,451,7,509
117,895,5,1012
306,339,3,645
153,35,10,188
761,292,9,1053
340,610,4,950
298,800,5,1098
372,173,6,545
733,548,10,1281
280,219,4,499
891,800,8,1691
351,314,5,665
254,414,5,668
1,284,7,285
148,401,4,549
493,579,8,1072
340,503,10,843
251,790,4,1041
338,383,6,721
327,84,6,411
437,361,7,798
591,634,3,1225
415,94,3,509
920,316,3,1236
671,833,5,1504
121,296,5,417
368,84,4,452
377,632,1,1009
941,324,5,1265
873,748,10,1621
567,720,3,1287
386,873,4,1259
100,335,10,435
400,141,9,541
31,756,6,787
310,270,8,580
526,858,2,1384
519,707,2,1226
437,633,9,1070
650,153,4,803
931,499,2,1430
869,832,9,1701
186,693,8,879
672,969,5,1641
531,306,1,837
721,317,6,1038
282,742,2,1024
590,501,4,1091
760,724,8,1484
172,378,8,550
246,479,2,725
910,505,10,1415
486,767,2,1253
814,937,5,1751
438,138,2,576
424,644,2,1068
717,50,2,767
651,753,8,1404
901,767,5,1668
803,58,3,861
945,103,5,1048
678,331,8,1009
517,696,2,1213
170,288,8,458
94,342,7,436
512,631,7,1143
625,575,6,1200
79,603,6,682
866,532,10,1398
872,825,6,1697
720,76,2,796
980,325,4,1305
362,18,5,380
92,339,3,431
926,168,2,1094
498,456,4,954
313,967,3,1280
597,911,4,1508
998,42,9,1040
679,159,1,838
751,951,8,1702
139,54,6,193
735,120,7,855
211,224,5,435
839,927,4,1766
53,408,1,461
463,872,7,1335
12,935,7,947
840,13,5,853
562,921,5,1483
89,274,3,363
689,87,9,776
589,616,5,1205
282,477,4,759
760,901,2,1661
842,659,2,1501
434,978,1,1412
357,247,3,604
126,864,6,990
55,593,3,648
361,600,5,961
855,122,4,977
809,456,6,1265
542,323,5,865
32,952,8,984
248,541,2,789
51,897,10,948
985,259,1,1244
31,22,9,53
668,120,1,788
571,504,3,1075
182,440,8,622
15,898,5,913
975,842,2,1817
911,789,2,1700
601,517,3,1118
337,85,8,422
393,868,9,1261
27,723,4,750
926,572,4,1498
772,81,10,853
38,723,8,761
343,39,8,382
517,365,8,882
580,216,4,796
5,663,1,668
720,386,3,1106
692,362,3,1054
876,186,4,1062
377,362,7,739
313,950,3,1263
829,59,7,888
687,368,1,1055
939,461,3,1400
214,344,3,558
547,202,3,749
849,163,5,1012
270,421,4,691
744,522,9,1266
33,89,8,122
236,806,5,1042
918,111,9,1029
663,690,3,1353
364,533,4,897
811,502,4,1313
443,867,2,1310
5,412,9,417
456,476,9,932
303,905,5,1208
815,76,4,891
745,465,6,1210
739,812,1,1551
904,174,4,1078
372,740,4,1112
282,798,7,1080
823,24,2,847
887,875,5,1762
79,561,10,640
272,134,5,406
703,839,1,1542
495,206,5,701
393,911,8,1304
1,34,5,35
123,574,2,697
439,729,10,1168
894,645,5,1539
458,458,10,916
805,569,5,1374
413,3,2,416
289,956,10,1245
735,622,9,1357
916,200,6,1116
695,434,6,1129
921,323,8,1244
407,322,9,729
707,425,9,1132
260,485,8,745
6,668,8,674
802,566,1,1368
620,554,4,1174
49,161,3,210
30,421,1,451
576,909,4,1485
162,371,9,533
355,208,6,563
794,893,9,1687
632,30,2,662
175,953,1,1128
713,28,4,741
831,132,6,963
755,730,7,1485
916,531,9,1447
109,431,3,540
398,597,3,995
621,874,9,1495
938,293,8,1231
925,276,7,1201
236,69,7,305
556,835,6,1391
166,212,1,378
914,929,4,1843
893,605,1,1498
154,160,9,314
732,852,2,1584
189,568,9,757
557,87,3,644
571,936,3,1507
918,357,9,1275
809,92,3,901
236,308,3,544
606,889,2,1495
269,385,2,654
960,247,1,1207
340,384,8,724
168,636,1,804
279,712,8,991
22,98,8,120
519,459,1,978
659,315,3,974
87,939,2,1026
299,716,5,1015
621,99,7,720
81,11,8,92
579,71,6,650
926,224,10,1150
821,835,8,1656
481,166,9,647
944,995,4,1939
985,547,9,1532
824,970,3,1794
78,272,10,350
855,364,9,1219
152,635,10,787
767,92,10,859
667,19,7,686
452,82,9,534
360,794,6,1154
538,939,8,1477
236,871,1,1107
73,159,9,232
375,782,5,1157
68,635,5,703
363,972,8,1335
150,179,8,329
85,831,7,916
651,444,4,1095
964,425,8,1389
934,488,5,1422
175,339,2,514
635,375,9,1010
604,776,10,1380
186,22,6,208
940,50,1,990
378,915,2,1293
88,871,6,959
759,871,2,1630
311,786,9,1097
852,485,3,1337
403,830,8,1233
525,322,6,847
373,432,9,805
93,882,6,975
410,537,3,947
944,132,6,1076
216,787,5,1003
126,293,8,419
131,929,9,1060
358,576,9,934
682,595,7,1277
180,995,4,1175
572,602,8,1174
795,265,2,1060
865,563,10,1428
569,671,7,1240
787,286,1,1073
185,764,3,949
555,55,6,610
750,151,4,901
253,601,4,854
224,157,4,381
342,979,2,1321
831,656,3,1487
495,729,4,1224
280,369,8,649
837,575,9,1412
496,357,7,853
777,161,6,938
227,118,8,345
268,380,9,648
636,258,3,894
971,572,1,1543
928,862,5,1790
307,914,8,1221
569,285,6,854
942,291,2,1233
350,11,10,361
695,50,6,745
616,634,5,1250
349,435,9,784
968,526,2,1494
911,275,2,1186
460,62,10,522
297,300,10,597
736,592,9,1328
121,643,6,764
660,905,1,1565
357,112,8,469
464,251,10,715
319,985,10,1304
550,922,4,1472
637,43,8,680
500,222,9,722
636,955,5,1591
820,958,2,1778
460,594,6,1054
321,407,5,728
388,985,4,1373
708,838,6,1546
45,258,9,303
906,815,5,1721
653,291,8,944
787,98,10,885
376,386,5,762
302,593,2,895
266,466,3,732
475,673,10,1148
864,67,8,931
869,254,9,1123
813,921,5,1734
606,419,6,1025
687,228,9,915
348,12,4,360
205,4,3,209
34,28,3,62
289,658,2,947
918,793,7,1711
138,890,7,1028
179,707,2,886
287,56,9,343
355,233,3,588
951,269,2,1220
969,467,5,1436
335,172,9,507
440,349,10,789
508,897,2,1405
586,758,10,1344
199,954,2,1153
151,902,1,1053
192,339,10,531
705,262,1,967
484,749,5,1233
557,504,9,1061
539,485,6,1024
939,755,10,1694
324,638,6,962
853,960,9,1813
430,68,3,498
460,937,2,1397
335,450,7,785
678,34,4,712
32,353,3,385
45,161,1,206
940,251,3,1191
794,361,4,1155
567,532,5,1099
356,836,3,1192
31,194,6,225
376,462,3,838
183,416,9,599
345,800,9,1145
446,83,7,529
537,191,10,728
829,508,2,1337
232,16,8,248
645,664,2,1309
370,806,1,1176
385,13,8,398
14,111,4,125
145,694,9,839
239,100,8,339
845,199,5,1044
802,361,9,1163
121,858,10,979
868,933,5,1801
756,902,10,1658
714,300,1,1014
487,565,2,1052
956,905,2,1861
958,995,10,1953
743,289,1,1032
456,452,10,908
548,186,3,734
706,507,4,1213
656,777,1,1433
683,589,2,1272
712,132,8,844
394,625,9,1019
735,727,8,1462
584,846,8,1430
906,987,1,1893
73,60,9,133
552,722,6,1274
998,619,2,1617
149,343,10,492
842,293,7,1135
261,408,7,669
256,825,9,1081
189,515,9,704
510,808,1,1318
971,590,7,1561
0,658,10,658
926,329,7,1255
57,74,2,131
114,226,5,340
33,273,3,306
548,651,10,1199
968,807,6,1775
99,419,2,518
511,734,8,1245
707,5,7,712
930,968,5,1898
874,490,1,1364
277,701,6,978
419,534,4,953
511,928,10,1439
923,340,9,1263
467,278,10,745
734,662,1,1396
610,813,7,1423
756,878,5,1634
514,586,2,1100
556,491,7,1047
653,40,6,693
282,235,5,517
233,412,2,645
750,153,7,903
25,344,1,369
297,64,5,361
826,26,7,852
633,272,7,905
681,843,8,1524
913,645,9,1558
900,586,1,1486
367,747,8,1114
198,550,5,748
781,975,3,1756
131,853,2,984
652,265,5,917
732,679,10,1411
260,324,7,584
899,91,1,990
531,333,6,864
432,556,10,988
936,111,3,1047
95,63,3,158
999,208,1,1207
85,509,6,594
770,812,2,1582
318,349,5,667
637,3,2,640
749,493,10,1242
779,633,4,1412
129,484,4,613
193,139,9,332
679,972,6,1651
232,729,9,961
220,875,7,1095
594,230,3,824
110,597,1,707
198,29,3,227
300,657,3,957
559,642,1,1201
177,314,1,491
900,495,3,1395
731,786,1,1517
873,848,9,1721
549,765,8,1314
700,538,7,1238
763,811,4,1574
697,786,5,1483
115,1,4,116
498,250,6,748
555,440,9,995
181,823,9,1004
563,300,6,863
713,70,7,783
549,30,6,579
614,318,8,932
316,865,8,1181
398,517,5,915
830,19,7,849
534,193,9,727
950,440,5,1390
576,827,10,1403
435,155,2,590
247,975,10,1222
410,353,5,763
620,444,7,1064
992,817,5,1809
734,729,9,1463
791,595,9,1386
449,188,2,637
14,109,8,123
902,234,5,1136
94,193,2,287
72,19,5,91
393,980,1,1373
606,566,2,1172
891,900,4,1791
115,893,10,1008
611,352,5,963
149,434,6,583
653,352,5,1005
548,32,4,580
889,117,6,1006
562,969,5,1531
143,779,6,922
742,242,5,984
874,176,7,1050
65,347,7,412
575,807,10,1382
315,458,3,773
370,565,3,935
143,778,9,921
570,648,7,1218
912,933,3,1845
818,487,2,1305
397,734,8,1131
541,664,4,1205
430,821,8,1251
371,714,8,1085
227,597,4,824
872,143,7,1015
662,102,3,764
590,819,4,1409
442,300,5,742
627,782,4,1409
37,109,3,146
1,148,2,149
568,609,8,1177
875,537,8,1412
360,212,10,572
179,328,3,507
623,855,10,1478
810,857,2,1667
794,17,3,811
457,329,6,786
839,782,7,1621
364,82,7,446
784,834,6,1618
397,955,2,1352
23,686,6,709
114,210,2,324
635,259,10,894
59,902,2,961
421,907,4,1328
894,832,5,1726
543,51,6,594
786,314,8,1100
860,706,1,1566
150,750,10,900
63,167,10,230
740,982,4,1722
278,588,4,866
350,468,4,818
451,318,2,769
144,59,2,203
557,519,5,1076
741,324,2,1065
258,296,10,554
571,865,5,1436
436,880,6,1316
255,721,9,976
848,496,8,1344
875,754,9,1629
596,366,2,962
540,307,4,847
752,667,5,1419
798,320,4,1118
445,286,4,731
674,482,4,1156
796,552,5,1348
465,492,3,957
267,231,3,498
911,65,7,976
568,82,3,650
692,375,4,1067
623,431,3,1054
4,676,10,680
859,464,1,1323
562,715,6,1277
865,62,2,927
195,408,8,603
804,69,10,873
290,653,4,943
869,12,4,881
545,468,9,1013
254,5,6,259
679,736,4,1415
416,674,8,1090
539,277,6,816
642,100,10,742
232,907,2,1139
916,367,10,1283
603,535,6,1138
423,400,1,823
894,203,1,1097
855,269,8,1124
952,536,9,1488
327,434,2,761
223,248,9,471
875,956,5,1831
949,806,4,1755
804,784,9,1588
985,486,7,1471
560,956,10,1516
473,74,1,547
368,130,1,498
659,531,2,1190
579,571,5,1150
821,265,3,1086
702,869,4,1571
427,802,2,1229
67,588,10,655
647,447,6,1094
67,34,6,101
715,67,9,782
447,211,2,658
908,471,2,1379
541,707,10,1248
52,17,7,69
967,516,8,1483
450,499,3,949
734,479,5,1213
759,246,7,1005
9,168,5,177
86,703,1,789
931,153,2,1084
353,521,3,874
553,251,3,804
497,209,5,706
880,88,3,968
348,62,10,410
539,174,10,713
579,353,5,932
342,384,2,726
770,25,6,795
89,457,4,546
310,251,9,561
720,878,9,1598
285,356,1,641
927,563,1,1490
169,795,1,964
288,667,4,955
449,97,8,546
914,830,8,1744
173,108,4,281
630,136,6,766
503,480,7,983
972,31,4,1003
397,729,3,1126
864,249,3,1113
370,106,8,476
45,845,3,890
728,744,5,1472
851,490,2,1341
29,762,6,791
477,165,1,642
265,925,9,1190
859,249,1,1108
400,530,9,930
955,685,1,1640
574,313,5,887
41,949,3,990
307,102,7,409
988,266,4,1254
402,444,1,846
918,558,4,1476
528,27,8,555
698,995,3,1693
201,410,8,611
737,384,2,1121
155,69,2,224
827,954,2,1781
448,710,6,1158
854,605,2,1459
303,660,6,963
137,615,7,752
538,180,2,718
622,641,4,1263
919,222,1,1141
837,346,3,1183
851,675,10,1526
815,745,2,1560
125,635,8,760
316,706,8,1022
557,919,1,1476
476,56,6,532
255,790,10,1045
991,762,7,1753
54,472,4,526
867,216,1,1083
262,577,9,839
407,371,4,778
71,933,6,1004
455,622,2,1077
436,191,10,627
456,820,8,1276
635,963,3,1598
325,197,10,522
86,451,8,537
262,586,9,848
754,508,4,1262
354,689,4,1043
802,781,7,1583
206,432,8,638
534,586,8,1120
72,0,5,72
818,684,6,1502
711,744,6,1455
266,500,5,766
463,993,1,1456
230,80,1,310
90,60,5,150
647,908,1,1555
9,743,5,752
509,892,7,1401
725,807,3,1532
304,740,7,1044
682,734,5,1416
233,46,6,279
882,680,4,1562
871,412,6,1283
802,517,6,1319
132,82,6,214
705,262,4,967
333,564,1,897
740,571,5,1311
687,952,2,1639
955,10,10,965
515,718,5,1233
233,703,9,936
762,941,8,1703
739,702,5,1441
98,113,8,211
190,201,3,391
540,754,1,1294
936,680,1,1616
34,339,3,373
120,964,9,1084
552,170,8,722
524,156,7,680
623,621,1,1244
933,359,1,1292
50,127,10,177
27,209,3,236
385,285,2,670
267,496,1,763
253,497,8,750
348,161,1,509
67,555,8,622
33,898,7,931
770,251,7,1021
951,602,10,1553
545,85,9,630
638,531,1,1169
581,158,5,739
341,588,5,929
167,386,1,553
92,107,5,199
832,714,8,1546
511,332,5,843
497,825,5,1322
835,90,6,925
897,776,3,1673
586,172,7,758
597,375,8,972
887,896,8,1783
303,303,5,606
995,422,6,1417
618,799,6,1417
648,792,2,1440
235,100,9,335
919,461,9,1380
687,711,8,1398
370,413,1,783
932,198,2,1130
89,567,8,656
106,132,6,238
306,202,9,508
919,439,4,1358
882,145,3,1027
179,546,5,725
547,199,5,746
878,830,1,1708
347,327,4,674
759,593,2,1352
854,85,2,939
950,638,2,1588
681,853,2,1534
670,845,10,1515
900,975,2,1875
489,179,10,668
768,270,3,1038
739,48,1,787
848,920,7,1768
540,25,1,565
547,646,4,1193
374,478,4,852
157,968,6,1125
243,415,1,658
593,851,5,1444
241,363,10,604
427,706,6,1133
296,277,1,573
148,966,8,1114
2,560,3,562
112,453,7,565
269,395,3,664
286,143,1,429
360,181,7,541
83,645,4,728
118,965,9,1083
21,819,7,840
284,567,2,851
386,990,9,1376
170,365,1,535
330,353,6,683
398,19,8,417
335,966,5,1301
433,40,4,473
641,257,8,898
609,304,10,913
893,37,3,930
210,671,8,881
593,37,3,630
980,540,6,1520
305,930,3,1235
124,449,4,573
922,427,10,1349
955,598,2,1553
334,470,7,804
542,484,4,1026
808,608,6,1416
380,451,1,831
517,826,3,1343
619,253,6,872
394,971,4,1365
760,17,8,777
825,535,7,1360
653,598,8,1251
343,868,10,1211
68,750,1,818
92,415,2,507
200,576,4,776
487,776,7,1263
748,734,7,1482
499,194,3,693
481,970,6,1451
178,21,7,199
675,644,6,1319
319,324,7,643
175,620,8,795
19,792,3,811
961,571,3,1532
441,307,10,748
693,63,9,756
840,373,5,1213
835,61,4,896
194,798,8,992
18,410,3,428
578,2,7,580
519,184,10,703
499,415,9,914
523,978,3,1501
537,281,6,818
954,221,6,1175
60,162,10,222
954,617,3,1571
325,984,1,1309
863,549,7,1412
219,722,2,941
882,280,4,1162
752,856,4,1608
605,689,2,1294
287,667,10,954
834,385,5,1219
537,472,10,1009
22,850,7,872
657,688,9,1345
871,568,9,1439
616,306,4,922
775,781,5,1556
572,768,1,1340
209,748,7,957
401,588,2,989
139,592,1,731
213,381,8,594
700,173,3,873
232,743,6,975
870,143,7,1013
639,659,7,1298
431,264,6,695
402,285,4,687
677,206,3,883
12,978,3,990
293,48,5,341
146,795,2,941
341,800,10,1141
859,484,6,1343
736,274,9,1010
234,501,9,735
238,671,5,909
716,373,9,1089
732,572,8,1304
607,593,2,1200
403,125,10,528
674,57,1,731
771,289,5,1060
353,203,7,556
871,852,7,1723
743,781,7,1524
204,905,2,1109
3,851,8,854
873,316,5,1189
139,786,6,925
717,252,6,969
655,170,3,825
560,413,10,973
710,602,10,1312
657,679,10,1336
283,22,5,305
102,172,8,274
90,512,9,602
493,894,3,1387
109,281,5,390
852,767,9,1619
212,121,5,333
507,265,9,772
814,364,9,1178
633,292,10,925
942,258,3,1200
766,83,1,849
528,910,2,1438
229,867,6,1096
286,36,10,322
43,964,8,1007
558,791,3,1349
529,954,7,1483
549,123,10,672
273,453,4,726
247,195,3,442
559,268,9,827
326,798,3,1124
405,146,8,551
317,836,2,1153
231,233,7,464
869,292,4,1161
421,32,9,453
266,952,4,1218
884,945,2,1829
452,218,9,670
728,882,8,1610
356,623,7,979
280,776,3,1056
898,830,1,1728
274,541,1,815
660,12,1,672
682,984,1,1666
256,494,1,750
930,948,1,1878
446,10,3,456
27,978,1,1005
123,618,3,741
154,338,5,492
871,809,8,1680
234,484,9,718
949,820,8,1769
19,528,8,547
983,861,7,1844
880,355,1,1235
990,42,5,1032
284,982,2,1266
403,276,10,679
74,227,8,301
147,544,3,691
555,380,8,935
450,590,10,1040
306,249,6,555
635,79,10,714
257,786,10,1043
388,858,4,1246
600,467,8,1067
19,986,5,1005
232,649,10,881
99,592,6,691
891,276,3,1167
863,985,10,1848
126,11,10,137
399,490,9,889
913,575,9,1488
39,380,2,419
575,229,9,804
258,157,6,415
816,563,10,1379
720,967,5,1687
96,144,7,240
501,223,1,724
980,567,3,1547
699,496,6,1195
194,989,4,1183
690,825,6,1515
349,836,10,1185
512,573,4,1085
900,620,10,1520
189,133,10,322
969,377,10,1346
529,68,8,597
234,136,9,370
551,724,4,1275
850,955,9,1805
388,904,4,1292
757,671,1,1428
224,97,9,321
129,527,5,656
766,125,6,891
946,239,10,1185
109,206,10,315
913,464,8,1377
213,880,6,1093
495,210,9,705
517,552,4,1069
53,129,1,182
426,242,4,668
237,375,4,612
2,775,7,777
49,168,2,217
525,85,1,610
343,351,5,694
965,638,4,1603
186,273,3,459
488,338,6,826
440,271,9,711
599,41,1,640
762,626,2,1388
903,511,2,1414
156,712,7,868
978,927,1,1905
756,965,6,1721
109,568,4,677
202,320,5,522
607,679,7,1286
551,552,3,1103
675,463,5,1138
493,668,6,1161
155,607,8,762
673,884,7,1557
981,161,7,1142
336,876,1,1212
516,39,5,555
418,308,7,726
692,345,7,1037
639,371,7,1010
372,165,7,537
797,846,7,1643
157,441,8,598
910,812,1,1722
683,241,6,924
782,753,2,1535
728,963,10,1691
341,985,5,1326
127,248,2,375
564,858,5,1422
793,101,10,894
276,101,2,377
294,132,3,426
863,231,3,1094
179,383,5,562
286,225,3,511
563,110,1,673
714,78,10,792
752,204,6,956
267,80,4,347
579,482,7,1061
55,628,5,683
448,489,7,937
577,734,8,1311
580,891,10,1471
953,268,1,1221
802,666,2,1468
141,176,5,317
183,775,3,958
467,993,3,1460
875,660,10,1535
989,821,6,1810
172,204,3,376
97,873,4,970
137,532,2,669
957,772,6,1729
24,364,1,388
21,871,10,892
389,232,6,621
89,692,9,781
361,915,10,1276
853,222,3,1075
994,828,5,1822
238,924,10,1162
345,613,3,958
215,684,2,899
953,490,4,1443
144,432,5,576
466,794,9,1260
640,226,3,866
906,212,6,1118
742,807,2,1549
577,231,1,808
406,977,1,1383
144,32,1,176
905,954,2,1859
723,877,6,1600
622,814,2,1436
183,504,3,687
380,75,10,455
407,432,6,839
464,23,4,487
99,895,8,994
319,205,10,524
491,436,3,927
334,789,7,1123
326,500,2,826
469,228,10,697
665,337,8,1002
637,358,6,995
970,25,4,995
952,529,4,1481
978,100,8,1078
396,509,9,905
792,490,10,1282
752,280,6,1032
911,33,3,944
596,79,5,675
316,901,8,1217
892,910,6,1802
581,658,7,1239
485,842,7,1327
564,270,4,834
205,882,5,1087
421,967,2,1388
919,823,3,1742
29,298,2,327
141,925,9,1066
478,760,9,1238
524,56,4,580
776,212,7,988
843,413,7,1256
225,50,7,275
320,164,7,484
917,557,6,1474
777,440,3,1217
698,940,2,1638
191,728,2,919
47,149,1,196
349,393,9,742
54,115,5,169
937,585,2,1522
18,672,9,690
372,554,3,926
530,179,6,709
458,375,7,833
683,298,3,981
805,591,10,1396
661,826,4,1487
367,396,3,763
823,734,7,1557
968,755,8,1723
428,75,4,503
513,565,8,1078
329,810,8,1139
852,829,5,1681
190,181,6,371
220,195,6,415
487,821,4,1308
295,963,7,1258
721,752,4,1473
249,301,7,550
594,494,4,1088
730,230,7,960
611,190,10,801
410,699,4,1109
903,735,6,1638
636,587,7,1223
155,902,7,1057
180,576,6,756
400,511,7,911
5,262,3,267
637,596,10,1233
681,253,3,934
924,331,8,1255
725,645,5,1370
930,261,2,1191
724,165,8,889
667,50,5,717
247,923,1,1170
88,951,10,1039
595,764,9,1359
669,327,2,996
76,685,9,761
714,385,1,1099
382,738,3,1120
951,166,1,1117
784,449,5,1233
944,742,5,1686
701,96,3,797
109,104,9,213
811,273,5,1084
836,900,1,1736
125,337,10,462
663,213,4,876
954,120,4,1074
754,417,10,1171
583,46,3,629
460,652,2,1112
355,912,9,1267
763,722,2,1485
656,543,3,1199
917,402,3,1319
290,6,1,296
877,599,7,1476
423,145,10,568
809,984,3,1793
556,265,6,821
219,311,9,530
246,469,9,715
471,529,4,1000
410,327,2,737
375,453,10,828
483,297,4,780
866,584,7,1450
552,247,5,799
107,545,1,652
985,256,6,1241
507,894,7,1401
107,476,2,583
745,223,8,968
143,154,3,297
793,576,6,1369
810,458,7,1268
999,56,1,1055
464,283,3,747
272,695,5,967
415,708,5,1123
92,375,9,467
639,988,4,1627
519,329,8,848
784,171,1,955
642,984,2,1626
826,526,2,1352
222,578,2,800
232,780,1,1012
690,817,5,1507
607,556,4,1163
57,142,10,199
310,143,3,453
431,927,9,1358
298,384,8,682
601,866,7,1467
693,363,9,1056
376,500,10,876
26,25,6,51
742,790,9,1532
682,256,7,938
454,31,2,485
33,87,5,120
52,613,10,665
790,350,4,1140
704,296,10,1000
493,301,2,794
469,817,7,1286
910,820,1,1730
339,612,7,951
210,510,4,720
708,841,10,1549
158,400,5,558
716,607,5,1323
448,928,2,1376
437,683,10,1120
361,943,3,1304
44,489,1,533
607,0,5,607
299,387,2,686
766,349,1,1115
322,279,4,601
947,210,7,1157
528,384,3,912
593,699,1,1292
816,557,6,1373
428,545,5,973
831,794,10,1625
891,50,2,941
338,163,10,501
53,372,10,425
957,337,10,1294
26,763,2,789
700,608,2,1308
575,527,10,1102
451,438,2,889
232,210,2,442
530,118,9,648
847,449,2,1296
88,683,1,771
307,372,5,679
307,140,1,447
958,437,6,1395
75,561,8,636
433,414,5,847
243,80,8,323
635,128,8,763
731,177,3,908
921,777,9,1698
121,337,7,458
998,252,7,1250
969,4,10,973
53,503,2,556
517,191,4,708
885,101,9,986
388,211,3,599
660,970,10,1630
80,504,6,584
606,711,4,1317
313,503,1,816
195,571,10,766
975,985,9,1960
895,63,1,958
286,689,5,975
173,307,7,480
61,836,9,897
74,301,9,375
992,391,3,1383
79,884,1,963
705,171,1,876
980,265,6,1245
11,675,4,686
178,955,8,1133
230,142,7,372
353,621,7,974
976,145,6,1121
301,655,7,956
825,599,1,1424
499,479,4,978
519,368,6,887
499,389,6,888
741,730,10,1471
402,41,3,443
490,234,2,724
126,868,4,994
155,320,6,475
103,638,1,741
431,648,10,1079
65,832,3,897
701,823,6,1524
888,306,4,1194
197,895,1,1092
166,871,6,1037
814,995,6,1809
284,16,7,300
419,358,1,777
599,987,9,1586
775,456,6,1231
495,989,9,1484
597,681,1,1278
379,972,6,1351
944,687,2,1631
191,459,5,650
731,671,3,1402
508,345,6,853
645,338,8,983
370,862,2,1232
653,174,5,827
323,832,8,1155
44,420,3,464
93,795,6,888
357,988,3,1345
513,332,1,845
886,5,8,891
891,399,7,1290
5,56,6,61
589,232,10,821
129,651,8,780
748,897,9,1645
825,422,4,1247
904,734,5,1638
441,259,8,700
216,763,10,979
561,868,5,1429
568,646,8,1214
140,849,6,989
444,388,9,832
231,774,6,1005
463,974,4,1437
344,797,5,1141
624,646,4,1270
110,927,2,1037
119,273,3,392
885,61,5,946
346,726,5,1072
590,497,8,1087
425,82,10,507
524,159,5,683
70,444,6,514
719,940,9,1659
118,566,1,684
985,243,10,1228
76,892,9,968
879,177,10,1056
499,702,5,1201
174,632,6,806
333,84,3,417
673,732,7,1405
585,930,2,1515
172,56,8,228
360,823,3,1183
797,968,4,1765
793,100,8,893
347,974,1,1321
462,29,1,491
945,332,7,1277
914,777,2,1691
463,448,2,911
783,999,1,1782
705,444,3,1149
163,544,6,707
388,111,3,499
651,874,6,1525
872,206,2,1078
692,621,2,1313
61,144,10,205
99,337,6,436
366,164,1,530
89,877,6,966
198,746,2,944
560,113,10,673
370,935,3,1305
46,421,10,467
7,561,1,568
668,305,2,973
318,456,8,774
190,487,9,677
468,256,9,724
332,875,2,1207
497,988,1,1485
983,389,7,1372
119,308,6,427
977,686,1,1663
571,302,10,873
891,308,8,1199
554,108,4,662
290,684,1,974
653,789,8,1442
641,527,10,1168
340,387,7,727
108,333,3,441
160,221,5,381
410,315,7,725
547,94,9,641
880,411,10,1291
651,350,9,1001
894,887,10,1781
585,674,5,1259
99,249,5,348
159,432,9,591
115,694,4,809
426,645,8,1071
262,811,6,1073
645,603,7,1248
930,130,4,1060
900,698,1,1598
936,671,9,1607
539,299,5,838
418,785,6,1203
11,554,8,565
123,139,5,262
52,510,8,562
94,924,8,1018
762,362,4,1124
281,711,8,992
750,416,7,1166
851,634,5,1485
304,387,8,691
449,508,5,957
574,360,2,934
687,52,4,739
755,191,9,946
461,232,3,693
829,363,5,1192
873,776,10,1649
570,165,2,735
745,78,9,823
472,859,1,1331
82,209,1,291
218,227,3,445
751,282,4,1033
826,206,9,1032
117,422,9,539
184,616,8,800
127,590,5,717
862,68,5,930
605,617,8,1222
125,500,5,625
595,587,3,1182
15,121,2,136
551,439,9,990
133,928,1,1061
53,400,7,453
349,765,6,1114
735,472,9,1207
787,489,7,1276
495,87,2,582
840,808,3,1648
231,492,9,723
841,778,6,1619
559,234,7,793
855,418,7,1273
667,693,8,1360
507,799,4,1306
972,278,4,1250
814,405,10,1219
665,363,10,1028
92,344,7,436
739,946,10,1685
98,594,6,692
868,37,10,905
397,332,10,729
639,673,10,1312
520,643,1,1163
817,712,7,1529
958,331,7,1289
298,666,9,964
305,445,3,750
784,393,7,1177
964,26,7,990
875,693,9,1568
239,911,3,1150
556,304,7,860
882,334,6,1216
255,697,8,952
273,354,10,627
514,273,7,787
696,138,2,834
921,605,1,1526
922,922,2,1844
775,577,2,1352
432,746,2,1178
871,948,1,1819
883,951,2,1834
420,59,6,479
657,303,7,960
466,906,5,1372
234,369,7,603
693,138,7,831
134,672,1,806
588,249,6,837
623,23,2,646
55,360,10,415
630,61,10,691
701,477,10,1178
792,738,3,1530
101,310,5,411
83,177,4,260
36,599,6,635
215,455,7,670
57,522,10,579
176,11,1,187
810,902,5,1712
34,514,5,548
378,318,1,696
608,938,5,1546
276,716,2,992
39,351,4,390
587,109,8,696
661,472,10,1133
717,662,1,1379
151,24,3,175
563,258,3,821
408,247,10,655
942,36,3,978
413,273,9,686
392,938,7,1330
962,257,7,1219
679,813,7,1492
543,759,3,1302
175,635,3,810
873,230,10,1103
798,110,6,908
124,429,4,553
150,539,5,689
235,722,2,957
842,403,1,1245
926,218,9,1144
326,473,1,799
338,333,6,671
317,508,5,825
561,725,3,1286
519,998,3,1517
624,693,10,1317
312,211,9,523
594,638,4,1232
541,286,6,827
49,289,6,338
525,833,8,1358
399,313,7,712
475,88,8,563
757,402,6,1159
379,688,10,1067
70,934,4,1004
542,984,3,1526
295,700,7,995
51,127,5,178
564,72,7,636
500,675,4,1175
420,72,1,492
531,312,7,843
957,611,3,1568
275,894,5,1169
564,138,10,702
140,620,5,760
535,587,4,1122
883,253,8,1136
926,641,3,1567
928,385,8,1313
552,368,1,920
211,398,4,609
954,732,2,1686
183,522,1,705
436,589,1,1025
919,529,10,1448
437,164,4,601
227,69,6,296
597,534,7,1131
675,196,8,871
845,124,7,969
692,404,9,1096
833,578,3,1411
996,7,8,1003
427,510,1,937
192,273,3,465
146,839,8,985
128,27,2,155
735,677,8,1412
346,730,8,1076
765,220,8,985
140,135,2,275
959,469,9,1428
601,615,5,1216
722,938,3,1660
348,227,1,575
583,672,9,1255
667,853,7,1520
771,97,1,868
805,12,8,817
418,975,7,1393
256,930,2,1186
700,957,10,1657
199,240,3,439
225,586,1,811
459,732,8,1191
233,167,8,400
919,686,9,1605
47,402,5,449
805,270,8,1075
965,575,3,1540
654,981,1,1635
726,147,3,873
652,900,2,1552
494,234,5,728
77,844,2,921
982,348,8,1330
271,665,7,936
128,290,9,418
739,107,4,846
76,352,6,428
75,347,6,422
358,241,4,599
620,250,9,870
872,35,6,907
901,121,6,1022
440,642,8,1082
985,596,4,1581
250,973,6,1223
213,272,1,485
310,205,4,515
56,213,8,269
663,613,6,1276
943,148,1,1091
81,693,10,774
911,713,1,1624
34,727,5,761
796,561,10,1357
987,557,8,1544
944,673,3,1617
191,314,3,505
44,75,9,119
911,470,9,1381
881,369,9,1250
816,990,5,1806
214,651,5,865
149,229,5,378
683,390,3,1073
408,966,6,1374
72,768,1,840
303,729,2,1032
718,798,3,1516
212,263,9,475
257,28,2,285
542,843,7,1385
628,954,2,1582
4,688,8,692
329,586,9,915
111,76,2,187
676,903,3,1579
846,195,9,1041
202,557,10,759
500,364,5,864
242,59,2,301
894,840,9,1734
838,148,7,986
110,554,10,664
732,455,7,1187
905,47,8,952
543,301,2,844
784,210,5,994
312,834,5,1146
659,229,2,888
204,280,3,484
496,863,10,1359
921,767,6,1688
543,12,5,555
902,520,2,1422
527,759,5,1286
924,386,6,1310
75,468,9,543
604,502,9,1106
628,897,1,1525
447,72,4,519
645,409,7,1054
700,279,2,979
127,286,5,413
74,552,10,626
54,849,7,903
164,365,8,529
924,675,5,1599
184,228,1,412
556,634,8,1190
406,972,9,1378
806,6,1,812
319,112,8,431
276,809,3,1085
568,712,4,1280
48,984,6,1032
751,527,10,1278
305,723,10,1028
407,433,9,840
93,580,3,673
983,822,9,1805
559,583,7,1142
254,346,3,600
986,180,3,1166
18,572,1,590
662,593,7,1255
323,527,7,850
411,433,4,844
33,118,4,151
327,350,4,677
668,155,7,823
27,750,6,777
910,66,3,976
632,109,8,741
623,781,5,1404
723,714,1,1437
382,4,5,386
234,100,10,334
504,818,8,1322
657,499,7,1156
789,620,7,1409
539,126,9,665
582,392,4,974
751,241,1,992
865,282,4,1147
976,572,7,1548
107,708,5,815
558,534,6,1092
737,238,4,975
536,239,2,775
485,233,7,718
663,227,10,890
914,310,9,1224
10,248,7,258
616,860,5,1476
397,447,9,844
160,819,8,979
840,879,3,1719
867,76,5,943
207,203,2,410
56,623,10,679
25,423,3,448
62,781,2,843
327,99,7,426
1,173,3,174
906,150,2,1056
539,287,2,826
147,691,6,838
941,957,10,1898
669,923,1,1592
328,572,2,900
225,835,8,1060
781,683,9,1464
111,722,1,833
979,284,4,1263
539,217,1,756
209,834,3,1043
936,54,10,990
319,271,2,590
644,269,2,913
292,767,4,1059
554,186,2,740
887,222,4,1109
832,303,4,1135
547,321,2,868
665,986,9,1651
331,833,8,1164
793,972,7,1765
390,206,6,596
822,378,7,1200
642,393,3,1035
623,240,1,863
771,603,3,1374
835,124,1,959
942,570,1,1512
560,577,3,1137
828,429,4,1257
546,5,8,551
992,501,8,1493
828,678,2,1506
503,108,4,611
164,201,4,365
441,736,8,1177
973,903,10,1876
648,720,8,1368
771,147,5,918
873,963,3,1836
192,787,3,979
480,602,2,1082
166,135,3,301
342,71,3,413
916,106,8,1022
21,979,4,1000
187,577,8,764
656,866,10,1522
420,743,10,1163
509,95,1,604
264,524,6,788
473,153,8,626
951,350,3,1301
86,291,1,377
754,445,8,1199
455,545,9,1000
655,214,1,869
840,975,5,1815
130,6,2,136
650,356,3,1006
429,74,7,503
608,143,2,751
264,724,4,988
464,677,6,1141
689,357,4,1046
441,207,2,648
634,147,1,781
734,513,6,1247
531,106,3,637
385,231,6,616
481,469,2,950
8,328,7,336
646,232,1,878
277,751,4,1028
261,211,5,472
676,337,1,1013
947,354,1,1301
99,541,10,640
873,536,3,1409
552,719,7,1271
138,114,6,252
540,245,7,785
549,28,3,577
128,447,7,575
240,90,9,330
673,540,9,1213
231,173,6,404
904,38,6,942
671,544,1,1215
867,400,4,1267
404,742,8,1146
76,886,1,962
939,681,7,1620
471,57,9,528
689,281,6,970
331,21,1,352
275,632,10,907
179,632,7,811
958,780,10,1738
129,310,1,439
566,699,3,1265
832,904,3,1736
597,589,6,1186
259,285,2,544
605,35,7,640
305,1,2,306
127,510,4,637
358,868,7,1226
954,378,4,1332
524,743,4,1267
943,285,6,1228
902,639,5,1541
921,566,3,1487
0,999,6,999
773,561,3,1334
183,63,8,246
267,164,5,431
193,78,8,271
495,697,2,1192
767,302,6,1069
378,940,6,1318
20,431,4,451
19,827,4,846
203,499,3,702
49,429,4,478
183,598,3,781
312,155,10,467
104,594,6,698
73,608,8,681
339,383,3,722
4,935,10,939
484,830,8,1314
611,148,1,759
260,602,2,862
25,615,4,640
745,55,1,800
910,87,7,997
405,723,10,1128
679,224,2,903
103,928,5,1031
343,597,4,940
989,881,4,1870
374,189,3,563
804,657,8,1461
880,378,8,1258
562,114,4,676
561,506,3,1067
534,556,4,1090
657,570,6,1227
311,471,3,782
531,159,4,690
7,900,3,907
473,800,10,1273
111,97,2,208
762,500,1,1262
119,574,10,693
949,368,7,1317
887,995,1,1882
372,302,1,674
619,559,2,1178
644,417,1,1061
376,452,8,828
360,922,7,1282
632,587,10,1219
948,570,4,1518
259,451,10,710
701,927,4,1628
982,51,2,1033
568,634,7,1202
556,608,9,1164
143,518,6,661
815,128,9,943
22,200,3,222
253,944,6,1197
43,835,6,878
788,758,4,1546
922,303,3,1225
338,888,6,1226
477,564,6,1041
362,660,5,1022
18,86,9,104
707,667,4,1374
778,452,3,1230
219,748,6,967
240,504,4,744
235,867,9,1102
132,442,10,574
786,222,2,1008
262,553,1,815
819,969,9,1788
869,213,2,1082
347,0,6,347
719,347,6,1066
963,156,6,1119
630,26,1,656
89,12,5,101
773,656,5,1429
404,172,4,576
987,82,3,1069
200,803,1,1003
857,475,6,1332
293,965,9,1258
110,982,5,1092
483,337,3,820
504,437,9,941
358,274,1,632
98,137,10,235
600,361,2,961
831,218,7,1049
679,672,6,1351
61,551,1,612
8,791,10,799
155,378,8,533
847,976,5,1823
115,398,3,513
190,859,7,1049
971,551,5,1522
391,582,7,973
202,406,6,608
90,963,3,1053
723,341,3,1064
453,94,5,547
261,810,6,1071
613,477,6,1090
854,537,6,1391
959,339,5,1298
283,234,6,517
608,33,6,641
785,637,9,1422
250,233,7,483
549,931,7,1480
468,79,5,547
80,784,3,864
429,955,5,1384
516,425,10,941
532,194,9,726
690,782,8,1472
122,293,9,415
829,606,2,1435
356,549,7,905
333,531,6,864
862,719,10,1581
386,538,2,924
262,721,9,983
862,495,8,1357
44,456,2,500
52,609,8,661
311,261,6,572
281,832,5,1113
130,547,8,677
278,308,2,586
502,815,5,1317
823,966,3,1789
516,291,8,807
761,837,9,1598
641,108,10,749
128,656,1,784
961,382,6,1343
19,240,4,259
97,580,7,677
541,927,10,1468
736,607,1,1343
451,846,6,1297
4,210,9,214
290,311,1,601
192,399,6,591
733,718,8,1451
39,658,2,697
394,480,5,874
629,796,3,1425
710,210,4,920
290,622,9,912
662,112,1,774
871,483,4,1354
351,952,2,1303
427,769,8,1196
182,638,2,820
469,772,2,1241
674,640,2,1314
87,555,7,642
511,41,6,552
245,534,9,779
340,751,9,1091
875,484,5,1359
557,527,10,1084
889,83,10,972
627,3,2,630
9,681,9,690
144,374,6,518
11,192,3,203
328,618,9,946
610,396,7,1006
401,247,5,648
920,957,4,1877
979,330,4,1309
862,390,10,1252
997,401,7,1398
543,198,3,741
645,497,3,1142
875,156,2,1031
103,387,2,490
866,327,1,1193
243,15,4,258
346,48,2,394
76,131,3,207
661,404,2,1065
748,811,10,1559
510,300,1,810
655,324,6,979
347,311,9,658
526,692,3,1218
432,737,8,1169
421,82,5,503
908,103,7,1011
337,774,3,1111
708,335,1,1043
192,457,9,649
887,182,7,1069
557,399,7,956
947,308,9,1255
794,594,10,1388
45,794,6,839
195,895,4,1090
975,39,9,1014
472,799,10,1271
261,77,2,338
948,965,6,1913
325,437,3,762
728,56,8,784
398,638,10,1036
231,832,9,1063
559,342,1,901
382,233,8,615
114,942,7,1056
583,216,6,799
426,873,3,1299
857,390,9,1247
922,958,9,1880
316,704,8,1020
554,430,6,984
678,299,7,977
734,677,4,1411
849,880,7,1729
207,88,7,295
816,199,7,1015
127,546,3,673
319,490,1,809
685,710,7,1395
655,363,9,1018
591,262,5,853
801,458,9,1259
57,378,4,435
369,0,4,369
952,352,4,1304
947,978,10,1925
935,310,6,1245
669,688,7,1357
426,607,1,1033
390,522,5,912
292,868,4,1160
813,322,3,1135
603,125,2,728
753,944,8,1697
188,345,2,533
648,14,9,662
338,610,6,948
670,105,8,775
842,282,10,1124
318,347,5,665
418,653,5,1071
985,389,8,1374
194,113,4,307
757,329,1,1086
508,835,6,1343
616,385,5,1001
522,738,10,1260
896,982,1,1878
77,412,5,489
606,802,7,1408
228,618,5,846
717,956,7,1673
801,264,10,1065
74,545,8,619
156,782,8,938
495,247,5,742
712,892,7,1604
408,573,1,981
66,385,8,451
365,86,6,451
535,822,7,1357
421,216,1,637
114,253,1,367
474,658,10,1132
588,790,6,1378
275,650,8,925
613,290,3,903
474,408,10,882
118,868,8,986
746,17,6,763
165,979,7,1144
105,462,8,567
13,881,1,894
956,559,1,1515
189,117,1,306
504,465,6,969
286,848,2,1134
838,843,3,1681
708,695,5,1403
358,145,10,503
910,304,7,1214
999,540,6,1539
940,700,10,1640
247,518,1,765
708,80,6,788
473,539,4,1012
249,222,7,471
12,722,10,734
900,271,7,1171
34,357,5,391
560,898,9,1458
676,377,10,1053
972,280,7,1252
889,662,9,1551
200,58,8,258
171,84,10,255
356,507,3,863
646,776,8,1422
937,488,8,1425
791,110,4,901
367,32,9,399
588,251,1,839
114,196,8,310
25,293,4,318
461,777,8,1238
739,642,1,1381
987,365,5,1352
635,565,10,1200
609,948,7,1557
512,354,10,866
150,638,4,788
33,28,8,61
800,377,7,1177
333,482,7,815
981,513,1,1494
847,74,5,921
305,368,7,673
466,622,2,1088
343,443,9,786
102,141,6,243
139,886,8,1025
634,479,4,1113
413,766,2,1179
23,497,1,520
9,615,5,624
895,341,2,1236
722,840,6,1562
241,744,2,985
453,791,5,1244
338,811,6,1149
715,150,7,865
408,372,1,780
604,546,5,1150
546,219,2,765
327,66,4,393
202,442,2,644
163,378,1,541
114,942,4,1056
495,473,8,968
803,487,2,1290
210,505,8,715
485,478,4,963
703,26,2,729
602,878,9,1480
774,975,9,1749
101,766,8,867
453,991,1,1444
336,923,1,1259
275,863,1,1138
339,43,10,382
625,595,7,1220
385,759,5,1144
851,814,4,1665
687,646,5,1333
429,918,4,1347
236,383,4,619
48,186,10,234
992,44,8,1036
267,738,2,1005
651,43,5,694
628,137,4,765
293,430,9,723
973,502,5,1475
161,960,2,1121
339,892,1,1231
473,332,2,805
183,322,8,505
15,352,7,367
684,182,2,866
511,955,9,1466
628,595,7,1223
628,800,8,1428
924,666,6,1590
407,352,9,759
756,640,4,1396
342,573,4,915
392,270,6,662
286,10,9,296
423,385,5,808
806,880,2,1686
745,444,8,1189
738,144,6,882
964,5,10,969
622,677,6,1299
12,782,1,794
231,938,9,1169
310,68,3,378
174,267,6,441
565,293,5,858
504,651,9,1155
951,519,9,1470
689,307,2,996
765,79,5,844
872,957,8,1829
903,632,4,1535
987,236,3,1223
398,937,5,1335
597,383,3,980
488,79,2,567
630,783,6,1413
821,481,5,1302
849,469,6,1318
452,300,7,752
757,679,8,1436
24,92,7,116
636,157,3,793
176,787,3,963
342,409,10,751
980,506,5,1486
842,717,7,1559
895,889,7,1784
385,98,8,483
151,949,10,1100
799,99,9,898
609,40,1,649
221,267,10,488
995,127,10,1122
628,203,3,831
949,748,2,1697
828,668,2,1496
212,583,2,795
862,296,7,1158
132,319,4,451
645,178,10,823
825,334,9,1159
411,628,2,1039
815,551,3,1366
545,936,1,1481
477,356,8,833
10,35,2,45
702,583,4,1285
868,278,8,1146
797,694,5,1491
936,857,3,1793
90,667,7,757
590,902,7,1492
237,369,8,606
314,605,5,919
101,847,1,948
155,976,6,1131
648,371,6,1019
352,171,4,523
808,885,4,1693
554,411,6,965
168,338,9,506
346,894,8,1240
195,724,7,919
668,51,8,719
478,751,4,1229
83,898,1,981
854,589,9,1443
215,663,1,878
428,510,9,938
68,524,8,592
351,194,4,545
371,619,10,990
904,143,4,1047
977,53,3,1030
86,582,3,668
97,644,2,741
457,621,9,1078
875,212,9,1087
688,203,7,891
549,798,5,1347
416,851,5,1267
473,403,5,876
597,108,4,705
621,622,9,1243
97,130,10,227
317,430,10,747
406,308,4,714
873,612,6,1485
342,99,5,441
50,484,9,534
820,607,3,1427
9,475,8,484
777,704,1,1481
955,664,1,1619
249,315,8,564
946,690,1,1636
778,704,7,1482
238,799,8,1037
247,63,6,310
221,592,3,813
979,857,1,1836
225,88,8,313
995,682,3,1677
431,434,1,865
648,336,6,984
901,797,1,1698
68,184,1,252
495,128,5,623
433,287,10,720
721,860,8,1581
621,50,10,671
953,367,6,1320
272,719,1,991
28,195,8,223
870,638,6,1508
301,565,4,866
59,856,9,915
803,85,5,888
344,216,1,560
19,28,7,47
378,307,7,685
312,434,3,746
188,513,7,701
491,397,5,888
723,370,3,1093
354,625,8,979
298,830,8,1128
714,319,8,1033
550,920,8,1470
706,871,5,1577
230,481,10,711
682,186,6,868
912,324,10,1236
412,2,3,414
973,80,6,1053
312,700,2,1012
62,46,9,108
218,509,10,727
827,185,2,1012
675,513,8,1188
735,130,3,865
465,424,10,889
182,392,10,574
66,560,4,626
800,383,1,1183
10,129,2,139
752,596,10,1348
809,177,6,986
831,415,3,1246
367,163,3,530
316,477,2,793
231,920,7,1151
350,789,3,1139
209,780,6,989
111,359,10,470
610,320,2,930
649,684,3,1333
353,339,1,692
609,994,6,1603
431,121,1,552
902,123,10,1025
992,662,6,1654
765,583,2,1348
136,993,3,1129
611,929,8,1540
168,370,7,538
631,767,2,1398
816,241,5,1057
293,166,3,459
519,6,2,525
805,868,1,1673
794,914,9,1708
511,236,2,747
119,279,2,398
327,561,5,888
536,398,10,934
247,430,6,677
496,298,5,794
410,125,5,535
566,493,4,1059
799,632,10,1431
924,634,10,1558
292,654,4,946
29,82,3,111
887,648,7,1535
258,910,3,1168
965,249,9,1214
509,670,9,1179
613,83,7,696
311,949,9,1260
193,325,8,518
557,896,1,1453
496,65,1,561
439,457,9,896
664,112,1,776
28,244,8,272
437,672,2,1109
840,536,7,1376
514,428,8,942
357,243,5,600
220,599,6,819
938,309,6,1247
803,33,4,836
673,766,1,1439
58,652,2,710
417,258,10,675
173,665,7,838
137,718,8,855
718,54,2,772
330,614,10,944
537,572,1,1109
212,174,3,386
191,963,5,1154
678,19,10,697
639,453,8,1092
286,847,10,1133
895,971,3,1866
884,222,1,1106
913,271,9,1184
945,297,3,1242
554,647,5,1201
978,521,8,1499
929,644,7,1573
90,297,5,387
158,657,7,815
459,260,7,719
399,732,3,1131
872,97,3,969
630,897,1,1527
5,402,3,407
305,624,1,929
219,153,1,372
388,303,4,691
299,815,5,1114
793,830,10,1623
217,996,1,1213
952,24,6,976
181,223,5,404
12,356,5,368
578,810,3,1388
625,232,7,857
956,394,6,1350
878,489,10,1367
709,532,7,1241
795,916,9,1711
600,548,5,1148
528,200,5,728
601,967,4,1568
372,846,8,1218
895,103,3,998
255,497,6,752
68,841,1,909
222,626,9,848
655,403,7,1058
578,224,4,802
657,650,2,1307
428,294,4,722
497,532,2,1029
302,216,2,518
775,345,2,1120
317,252,6,569
968,516,4,1484
398,143,2,541
208,478,3,686
895,100,4,995
848,932,10,1780
159,780,1,939
616,804,8,1420
8,786,6,794
503,822,7,1325
816,269,5,1085
921,418,2,1339
122,165,7,287
111,929,6,1040
762,583,6,1345
282,366,9,648
984,896,5,1880
958,669,9,1627
590,942,2,1532
925,217,5,1142
787,443,8,1230
908,431,2,1339
647,907,8,1554
817,535,2,1352
487,491,6,978
908,117,3,1025
167,921,3,1088
727,916,6,1643
754,313,3,1067
948,113,7,1061
885,752,9,1637
267,496,1,763
876,937,9,1813
908,692,8,1600
963,144,9,1107
405,940,4,1345
158,754,10,912
418,35,8,453
837,824,7,1661
303,123,9,426
256,737,1,993
657,730,3,1387
138,764,8,902
76,752,9,828
475,5,4,480
944,725,4,1669
83,339,9,422
405,427,10,832
301,305,6,606
657,877,10,1534
788,234,9,1022
709,909,5,1618
858,453,2,1311
338,667,2,1005
691,154,9,845
740,560,6,1300
909,529,4,1438
796,777,10,1573
353,241,6,594
709,507,10,1216
423,964,5,1387
763,383,7,1146
829,538,4,1367
459,871,1,1330
414,10,1,424
929,663,6,1592
881,937,3,1818
830,75,9,905
649,120,7,769
198,176,7,374
43,542,8,585
649,879,8,1528
482,550,2,1032
179,568,9,747
827,849,9,1676
369,715,1,1084
356,581,5,937
691,251,2,942
296,255,8,551
33,199,10,232
390,530,10,920
655,947,4,1602
19,468,8,487
554,851,4,1405
685,664,7,1349
516,582,6,1098
811,207,1,1018
553,631,1,1184
744,360,9,1104
112,254,9,366
932,446,10,1378
615,184,6,799
778,689,5,1467
800,510,9,1310
727,201,5,928
720,872,10,1592
833,628,7,1461
148,669,8,817
684,229,2,913
469,49,2,518
294,913,5,1207
732,543,2,1275
48,647,8,695
37,901,5,938
485,691,2,1176
901,497,9,1398
329,654,1,983
64,35,1,99
525,694,9,1219
930,209,4,1139
232,498,10,730
12,36,8,48
747,2,10,749
84,664,8,748
26,367,6,393
980,902,7,1882
776,950,10,1726
428,191,2,619
428,233,3,661
506,844,3,1350
101,113,6,214
344,860,5,1204
612,27,9,639
133,805,2,938
137,124,4,261
983,641,2,1624
439,641,8,1080
518,584,8,1102
818,523,8,1341
552,91,1,643
264,631,6,895
31,935,3,966
369,855,10,1224
25,292,5,317
444,770,4,1214
674,304,2,978
216,245,8,461
151,615,5,766
794,819,5,1613
54,716,9,770
697,899,5,1596
699,6,10,705
991,967,8,1958
437,202,10,639
409,881,1,1290
354,578,6,932
820,274,6,1094
684,363,5,1047
228,343,5,571
949,854,1,1803
961,250,9,1211
895,175,5,1070
44,15,1,59
307,564,3,871
477,206,2,683
831,892,2,1723
803,898,5,1701
68,125,2,193
697,174,3,871
464,794,7,1258
92,964,5,1056
641,974,9,1615
735,616,4,1351
361,188,1,549
497,389,4,886
595,114,5,709
327,799,3,1126
21,979,9,1000
375,401,9,776
113,915,6,1028
310,664,9,974
314,623,6,937
502,216,6,718
53,611,6,664
54,491,2,545
150,53,1,203
849,978,9,1827
645,636,3,1281
967,539,3,1506
404,96,2,500
687,414,4,1101
783,717,5,1500
192,898,9,1090
385,602,5,987
204,521,5,725
857,679,2,1536
925,80,3,1005
925,892,1,1817
278,620,1,898
989,247,7,1236
598,328,7,926
198,594,4,792
99,954,9,1053
669,774,9,1443
510,895,2,1405
725,554,2,1279
305,248,9,553
846,222,3,1068
977,277,6,1254
901,41,9,942
904,441,4,1345
265,674,10,939
889,78,4,967
897,136,10,1033
780,74,6,854
665,186,2,851
279,214,2,493
2,186,2,188
855,294,7,1149
450,303,8,753
578,906,3,1484
811,25,1,836
107,100,6,207
756,22,6,778
325,71,3,396
811,4,7,815
272,256,6,528
808,122,7,930
53,723,5,776
60,317,8,377
666,826,2,1492
611,301,5,912
751,95,3,846
276,438,9,714
551,129,3,680
13,573,5,586
948,118,4,1066
