p,q,f,out
951,358,2,1309
485,185,7,670
170,442,6,612
72,423,3,495
861,554,5,1415
713,371,2,1084
743,990,10,1733
573,755,3,1328
789,162,8,951
317,294,7,611
273,53,3,326
628,794,3,1422
889,538,9,1427
316,630,9,946
582,264,4,846
187,967,9,1154
663,881,4,1544
979,543,10,1522
584,103,4,687
528,854,2,1382
44,650,9,694
220,78,7,298
126,446,2,572
160,80,1,240
395,405,1,800
428,284,6,712
153,282,4,435
780,583,9,1363
580,301,10,881
111,546,5,657
403,188,9,591
89,677,7,766
295,879,3,1174
509,454,6,963
31,776,6,807
80,921,5,1001
382,383,8,765
79,522,7,601
485,610,2,1095
280,677,4,957
968,523,6,1491
807,489,9,1296
423,117,9,540
802,945,3,1747
281,879,5,1160
312,208,1,520
750,296,7,1046
544,176,1,720
251,707,8,958
922,312,8,1234
171,724,4,895
390,697,3,1087
843,781,9,1624
339,678,7,1017
138,129,9,267
332,270,8,602
350,291,8,641
565,509,10,1074
950,896,3,1846
263,322,1,585
496,779,2,1275
473,840,5,1313
118,16,10,134
232,427,3,659
304,337,7,641
622,184,10,806
600,737,1,1337
644,904,8,1548
966,957,10,1923
765,570,5,1335
448,12,3,460
725,334,8,1059
81,817,10,898
639,852,5,1491
55,249,7,304
203,391,4,594
839,36,1,875
824,957,2,1781
609,610,9,1219
260,617,4,877
188,55,10,243
744,532,7,1276
141,242,5,383
360,104,7,464
236,759,6,995
343,376,2,719
896,458,10,1354
661,647,7,1308
24,0,6,24
39,155,5,194
446,170,7,616
195,527,7,722
254,582,2,836
124,594,4,718
446,75,2,521
644,716,4,1360
450,402,8,852
381,327,2,708
789,2,8,791
481,587,9,1068
10,628,1,638
400,761,9,1161
292,937,8,1229
922,198,10,1120
203,315,4,518
947,239,1,1186
658,920,1,1578
966,604,10,1570
823,649,9,1472
797,175,6,972
539,185,1,724
44,16,5,60
484,540,1,1024
700,850,2,1550
872,245,9,1117
81,914,6,995
68,504,4,572
664,287,6,951
73,218,1,291
835,167,5,1002
128,847,3,975
707,822,5,1529
728,384,8,1112
961,920,2,1881
33,92,9,125
954,238,6,1192
384,199,7,583
403,563,9,966
6,172,4,178
811,172,9,983
538,717,2,1255
218,235,3,453
157,63,4,220
716,144,4,860
777,704,6,1481
742,715,4,1457
617,508,10,1125
398,51,6,449
401,160,2,561
501,86,4,587
810,967,5,1777
883,278,2,1161
921,441,8,1362
702,534,10,1236
221,766,4,987
148,411,10,559
214,975,5,1189
372,446,10,818
432,157,3,589
51,513,4,564
804,48,9,852
462,519,1,981
553,392,4,945
914,126,5,1040
726,157,10,883
523,953,5,1476
945,913,5,1858
845,487,1,1332
476,933,10,1409
171,396,4,567
455,686,10,1141
125,558,4,683
146,554,7,700
679,101,1,780
683,806,2,1489
426,311,6,737
930,688,2,1618
813,996,10,1809
812,811,3,1623
610,514,2,1124
686,968,5,1654
870,187,5,1057
989,728,2,1717
651,313,10,964
581,962,3,1543
466,416,6,882
475,769,4,1244
174,264,3,438
129,945,2,1074
526,33,4,559
434,125,10,559
270,392,3,662
538,524,6,1062
29,641,1,670
599,815,8,1414
710,975,5,1685
117,807,1,924
372,31,6,403
820,425,2,1245
932,303,10,1235
13,667,5,680
620,115,9,735
105,511,3,616
225,64,4,289
340,943,7,1283
152,717,3,869
564,189,8,753
954,99,5,1053
577,694,6,1271
102,678,9,780
122,722,4,844
536,929,9,1465
645,459,8,1104
588,843,10,1431
942,483,8,1425
743,842,10,1585
389,932,2,1321
608,996,9,1604
749,267,3,1016
450,637,6,1087
727,127,6,854
503,347,9,850
76,963,7,1039
50,407,5,457
950,528,2,1478
750,26,6,776
520,507,9,1027
628,359,1,987
682,501,9,1183
283,421,10,704
687,215,3,902
747,869,2,1616
602,184,9,786
100,664,6,764
862,374,10,1236
13,558,10,571
200,912,1,1112
394,361,8,755
340,840,2,1180
986,562,6,1548
874,164,4,1038
749,313,7,1062
699,740,7,1439
827,893,5,1720
66,497,1,563
634,391,10,1025
61,192,10,253
208,794,6,1002
11,53,1,64
747,692,10,1439
841,782,3,1623
136,875,1,1011
403,474,4,877
306,846,7,1152
356,622,5,978
833,708,10,1541
997,476,6,1473
46,346,5,392
714,752,2,1466
737,928,8,1665
109,507,3,616
133,899,8,1032
998,29,9,1027
359,205,1,564
780,540,9,1320
869,800,3,1669
663,889,1,1552
305,34,6,339
129,723,9,852
366,359,10,725
738,169,1,907
210,380,3,590
421,179,9,600
888,1,6,889
302,68,2,370
338,137,10,475
271,561,10,832
23,770,10,793
578,354,10,932
913,677,7,1590
851,244,8,1095
759,172,10,931
254,257,8,511
211,61,9,272
752,867,4,1619
517,734,9,1251
840,406,7,1246
700,239,4,939
318,7,4,325
836,590,4,1426
313,834,7,1147
368,201,6,569
120,322,4,442
287,787,3,1074
264,395,10,659
598,853,1,1451
204,648,8,852
200,386,3,586
526,823,8,1349
552,962,8,1514
340,586,6,926
816,75,10,891
873,868,1,1741
74,186,1,260
328,433,9,761
401,250,1,651
866,38,7,904
866,901,4,1767
488,329,1,817
156,550,5,706
615,676,3,1291
852,143,2,995
215,129,10,344
827,809,6,1636
795,237,10,1032
107,346,7,453
284,576,10,860
43,929,8,972
550,151,4,701
728,672,6,1400
179,852,8,1031
954,874,5,1828
138,562,7,700
986,938,8,1924
783,517,8,1300
311,53,9,364
628,878,6,1506
992,490,5,1482
717,869,3,1586
17,534,5,551
44,373,8,417
261,639,6,900
310,317,2,627
597,318,2,915
819,355,1,1174
631,915,1,1546
425,810,5,1235
794,895,2,1689
0,360,6,360
868,424,8,1292
105,884,6,989
475,156,3,631
534,49,1,583
864,397,1,1261
264,118,3,382
955,850,8,1805
308,129,5,437
192,795,3,987
53,733,9,786
350,946,8,1296
435,342,7,777
978,995,4,1973
711,606,2,1317
188,900,10,1088
244,858,8,1102
713,643,4,1356
702,451,9,1153
817,766,10,1583
389,16,2,405
857,649,5,1506
409,518,3,927
432,945,2,1377
31,131,9,162
710,827,4,1537
925,585,4,1510
688,554,4,1242
274,975,7,1249
135,940,9,1075
417,578,10,995
884,380,9,1264
799,461,3,1260
15,95,9,110
468,672,7,1140
11,607,10,618
24,297,3,321
958,400,10,1358
277,451,1,728
990,934,8,1924
113,919,10,1032
885,843,7,1728
795,360,3,1155
402,547,7,949
264,404,2,668
506,832,10,1338
256,731,4,987
367,725,6,1092
285,759,8,1044
383,649,7,1032
813,673,2,1486
753,753,2,1506
896,664,8,1560
760,695,7,1455
868,625,1,1493
837,217,1,1054
372,951,9,1323
202,67,7,269
167,518,3,685
195,546,2,741
347,754,10,1101
850,817,7,1667
894,538,6,1432
216,403,3,619
284,365,10,649
80,725,6,805
792,18,7,810
619,129,3,748
885,295,4,1180
257,388,7,645
794,436,4,1230
469,126,5,595
594,908,2,1502
133,253,1,386
251,678,3,929
820,756,2,1576
413,12,8,425
765,310,8,1075
857,853,6,1710
310,843,2,1153
703,0,4,703
535,52,3,587
688,271,8,959
575,957,4,1532
817,956,5,1773
523,14,6,537
825,599,3,1424
488,248,2,736
969,947,10,1916
866,729,7,1595
8,410,9,418
817,552,6,1369
747,732,8,1479
82,104,9,186
677,358,9,1035
886,146,9,1032
109,386,2,495
23,479,4,502
741,239,1,980
776,235,4,1011
173,150,4,323
15,810,9,825
174,711,4,885
683,556,3,1239
952,419,2,1371
661,645,3,1306
185,466,2,651
961,524,3,1485
581,231,9,812
745,224,10,969
993,4,3,997
134,321,3,455
153,876,6,1029
887,607,10,1494
769,285,5,1054
59,237,8,296
225,712,5,937
927,754,4,1681
40,191,7,231
121,166,4,287
427,340,2,767
629,183,10,812
225,469,8,694
387,437,5,824
14,840,3,854
761,842,2,1603
179,897,4,1076
312,366,5,678
158,200,2,358
244,99,2,343
245,639,1,884
972,318,4,1290
867,450,7,1317
925,38,9,963
20,83,10,103
851,650,1,1501
950,761,6,1711
531,72,3,603
609,824,6,1433
229,384,1,613
239,175,7,414
141,383,6,524
25,781,6,806
52,245,7,297
318,900,10,1218
277,290,1,567
819,257,1,1076
966,754,2,1720
835,500,7,1335
619,122,5,741
199,196,9,395
985,193,4,1178
913,719,5,1632
473,809,6,1282
478,196,4,674
982,570,4,1552
385,553,3,938
237,392,8,629
575,27,4,602
450,484,1,934
713,478,10,1191
513,18,10,531
156,681,6,837
809,450,4,1259
162,267,8,429
408,254,6,662
63,112,6,175
700,175,8,875
692,814,2,1506
158,551,1,709
266,304,8,570
154,220,6,374
317,971,3,1288
434,773,10,1207
159,664,6,823
181,30,2,211
934,88,2,1022
543,152,7,695
33,739,6,772
437,275,3,712
699,449,1,1148
534,884,6,1418
452,114,10,566
46,58,8,104
876,211,2,1087
811,797,4,1608
609,52,10,661
520,397,2,917
859,94,10,953
630,442,1,1072
108,143,10,251
571,371,8,942
481,483,6,964
546,533,7,1079
518,582,5,1100
270,597,5,867
539,101,3,640
678,455,3,1133
887,109,6,996
217,760,10,977
586,408,8,994
844,324,1,1168
842,129,10,971
962,10,9,972
526,120,8,646
591,874,10,1465
456,245,10,701
996,710,4,1706
707,208,3,915
12,840,7,852
943,912,6,1855
999,769,9,1768
345,105,8,450
642,49,10,691
522,769,8,1291
144,776,3,920
687,198,6,885
621,58,4,679
316,476,6,792
286,427,2,713
539,939,7,1478
420,139,3,559
222,803,5,1025
746,90,7,836
810,999,10,1809
400,903,2,1303
760,308,2,1068
990,681,8,1671
907,769,5,1676
179,185,8,364
432,977,5,1409
339,700,3,1039
610,16,5,626
15,67,5,82
13,184,9,197
402,418,9,820
651,928,7,1579
929,135,2,1064
948,31,8,979
613,533,5,1146
128,215,7,343
720,552,6,1272
550,472,7,1022
626,237,8,863
196,928,5,1124
86,994,10,1080
164,518,9,682
832,823,9,1655
929,712,9,1641
515,684,7,1199
597,102,2,699
237,708,2,945
541,453,3,994
851,352,1,1203
135,304,1,439
110,98,9,208
845,116,7,961
926,735,3,1661
826,72,2,898
800,378,7,1178
600,789,1,1389
385,139,9,524
409,416,7,825
774,936,4,1710
773,874,7,1647
183,501,2,684
761,497,5,1258
271,929,3,1200
369,462,7,831
176,289,4,465
986,652,3,1638
634,938,3,1572
135,673,10,808
24,938,5,962
1,606,6,607
967,937,9,1904
509,531,3,1040
899,76,10,975
176,928,2,1104
88,463,7,551
652,364,3,1016
633,459,10,1092
399,95,1,494
959,260,5,1219
970,990,1,1960
12,501,6,513
400,796,2,1196
978,577,4,1555
265,405,3,670
508,740,9,1248
756,878,1,1634
998,834,6,1832
410,333,9,743
720,881,4,1601
279,590,8,869
233,673,9,906
780,268,3,1048
637,22,9,659
98,522,4,620
646,138,2,784
420,88,10,508
948,382,1,1330
214,447,5,661
850,655,3,1505
510,867,6,1377
337,636,8,973
672,84,10,756
370,506,1,876
935,168,3,1103
490,807,8,1297
305,121,3,426
592,846,9,1438
651,178,10,829
833,480,8,1313
220,306,8,526
880,883,3,1763
754,786,7,1540
527,114,2,641
451,630,10,1081
857,908,5,1765
231,81,8,312
919,91,4,1010
840,147,3,987
502,224,4,726
866,582,3,1448
908,522,5,1430
346,151,6,497
752,572,9,1324
954,117,2,1071
698,697,8,1395
26,818,5,844
377,197,9,574
568,497,9,1065
644,802,6,1446
0,817,5,817
535,341,3,876
754,190,9,944
155,931,2,1086
103,286,4,389
350,800,2,1150
464,989,7,1453
959,690,6,1649
776,891,7,1667
634,605,6,1239
3,900,8,903
541,864,9,1405
451,514,6,965
743,778,5,1521
214,681,9,895
924,129,5,1053
402,368,2,770
281,769,8,1050
982,146,6,1128
27,221,6,248
135,121,8,256
292,344,6,636
736,851,9,1587
331,457,10,788
539,345,1,884
773,774,4,1547
213,298,7,511
365,316,5,681
454,135,6,589
217,280,7,497
290,52,4,342
349,825,3,1174
420,547,1,967
369,595,6,964
112,33,2,145
284,462,4,746
961,121,4,1082
315,242,1,557
744,627,1,1371
632,753,3,1385
131,81,7,212
998,713,6,1711
753,278,3,1031
787,948,2,1735
152,215,10,367
675,744,2,1419
778,34,3,812
276,476,7,752
899,161,6,1060
17,670,2,687
176,808,2,984
894,977,2,1871
724,810,7,1534
439,14,4,453
634,858,4,1492
914,674,8,1588
995,494,2,1489
76,587,7,663
667,675,4,1342
26,9,3,35
349,367,9,716
613,555,2,1168
488,121,3,609
737,122,1,859
448,527,9,975
476,811,2,1287
740,707,2,1447
137,695,2,832
302,229,5,531
844,917,6,1761
409,905,8,1314
42,36,3,78
798,940,2,1738
127,903,10,1030
982,967,7,1949
215,115,3,330
306,492,1,798
677,36,10,713
72,794,3,866
333,529,9,862
272,889,1,1161
236,200,3,436
441,495,2,936
998,226,6,1224
161,947,3,1108
470,402,10,872
680,511,9,1191
477,602,5,1079
927,586,9,1513
82,593,10,675
815,146,2,961
959,383,2,1342
13,513,7,526
910,768,2,1678
300,262,5,562
478,791,3,1269
736,83,8,819
73,639,10,712
265,430,2,695
43,754,1,797
606,955,9,1561
442,680,10,1122
117,315,6,432
618,163,2,781
364,316,3,680
83,397,7,480
544,445,4,989
47,582,1,629
875,891,7,1766
893,411,9,1304
193,39,2,232
299,364,2,663
461,455,1,916
317,873,10,1190
287,699,1,986
757,497,9,1254
507,674,1,1181
655,660,6,1315
733,724,6,1457
560,371,4,931
778,627,3,1405
239,570,10,809
974,802,7,1776
64,210,3,274
404,418,2,822
996,987,6,1983
832,573,3,1405
510,788,5,1298
314,476,9,790
740,645,4,1385
447,789,5,1236
539,199,4,738
554,322,4,876
523,208,3,731
735,68,7,803
979,852,2,1831
554,184,7,738
465,566,5,1031
621,545,6,1166
805,134,4,939
240,951,10,1191
849,573,7,1422
334,67,9,401
104,542,3,646
687,530,5,1217
723,342,9,1065
776,397,10,1173
82,543,3,625
821,860,8,1681
435,201,3,636
665,927,8,1592
684,838,4,1522
941,705,4,1646
303,150,10,453
290,705,7,995
229,923,7,1152
827,327,5,1154
428,98,3,526
687,796,5,1483
193,721,4,914
270,537,7,807
560,304,2,864
107,925,5,1032
996,855,7,1851
261,409,4,670
50,101,2,151
576,6,8,582
815,837,4,1652
653,912,3,1565
318,556,10,874
397,212,6,609
302,714,6,1016
881,254,5,1135
861,245,3,1106
468,448,6,916
268,688,4,956
877,4,6,881
411,756,9,1167
708,189,2,897
526,225,10,751
126,96,10,222
941,562,8,1503
500,750,4,1250
486,768,10,1254
192,992,10,1184
267,519,2,786
449,385,3,834
567,513,4,1080
157,193,3,350
282,787,4,1069
542,329,10,871
916,120,2,1036
242,923,6,1165
966,821,6,1787
839,333,10,1172
900,393,10,1293
940,390,6,1330
920,890,6,1810
403,381,1,784
359,62,7,421
872,623,6,1495
264,665,8,929
510,693,1,1203
383,160,10,543
676,28,8,704
874,991,6,1865
852,44,4,896
684,652,3,1336
250,863,4,1113
217,208,4,425
466,460,6,926
224,793,9,1017
649,70,2,719
632,916,5,1548
378,873,7,1251
168,137,2,305
539,956,1,1495
319,579,6,898
422,473,1,895
800,234,6,1034
374,411,4,785
173,778,9,951
379,301,5,680
673,781,9,1454
152,757,4,909
361,997,5,1358
992,661,2,1653
992,939,7,1931
477,212,2,689
638,692,9,1330
750,449,3,1199
785,298,4,1083
134,855,9,989
60,28,3,88
516,901,9,1417
190,92,10,282
722,776,8,1498
554,297,10,851
652,381,3,1033
194,192,6,386
678,216,10,894
493,224,10,717
597,864,5,1461
754,940,7,1694
962,964,3,1926
793,281,8,1074
876,326,7,1202
777,403,2,1180
732,73,8,805
773,496,6,1269
896,757,6,1653
991,822,9,1813
143,996,8,1139
11,822,3,833
779,753,3,1532
946,648,5,1594
429,639,9,1068
636,326,7,962
832,556,6,1388
380,736,2,1116
4,390,10,394
378,71,1,449
843,257,2,1100
452,252,6,704
975,619,3,1594
997,973,4,1970
176,593,9,769
543,216,4,759
755,159,10,914
380,287,9,667
159,803,5,962
389,975,8,1364
884,459,6,1343
421,609,1,1030
678,797,6,1475
308,4,4,312
711,428,3,1139
559,584,8,1143
283,677,2,960
45,410,1,455
465,353,5,818
468,943,3,1411
395,466,6,861
390,101,4,491
403,950,3,1353
739,132,9,871
968,523,3,1491
266,534,2,800
658,175,1,833
651,617,8,1268
637,101,6,738
456,980,5,1436
792,959,4,1751
924,738,8,1662
148,597,9,745
847,728,7,1575
251,583,9,834
529,403,7,932
610,950,1,1560
805,603,4,1408
842,101,3,943
80,266,1,346
971,25,4,996
460,160,5,620
724,960,1,1684
874,548,1,1422
431,768,4,1199
29,354,4,383
805,466,7,1271
900,794,4,1694
511,854,4,1365
842,330,10,1172
941,453,8,1394
38,567,1,605
457,144,3,601
796,213,4,1009
708,317,1,1025
249,615,9,864
21,242,10,263
495,138,10,633
838,27,9,865
650,996,9,1646
668,989,4,1657
576,395,1,971
633,786,5,1419
174,792,9,966
724,442,7,1166
0,538,1,538
266,32,5,298
581,671,1,1252
86,809,5,895
739,54,8,793
905,975,7,1880
914,231,6,1145
37,599,3,636
932,145,10,1077
587,828,8,1415
600,356,1,956
880,802,1,1682
437,698,8,1135
717,198,3,915
336,987,7,1323
458,884,10,1342
126,954,4,1080
207,565,3,772
527,505,9,1032
328,84,9,412
431,724,6,1155
462,794,7,1256
544,530,3,1074
32,720,8,752
442,81,4,523
754,368,3,1122
923,223,1,1146
347,303,5,650
670,836,10,1506
542,207,7,749
554,559,10,1113
20,493,10,513
3,677,2,680
368,801,3,1169
362,17,2,379
167,468,10,635
292,175,5,467
271,82,5,353
80,226,4,306
353,664,10,1017
565,892,9,1457
110,57,5,167
458,220,5,678
422,550,6,972
315,4,10,319
791,559,9,1350
936,706,4,1642
14,401,10,415
890,797,7,1687
470,494,3,964
97,853,2,950
470,492,10,962
684,778,10,1462
615,547,10,1162
239,359,7,598
523,956,2,1479
244,774,10,1018
390,38,8,428
31,36,10,67
117,152,5,269
709,165,1,874
347,28,1,375
523,336,2,859
913,745,1,1658
496,447,6,943
592,754,8,1346
174,785,4,959
921,782,6,1703
258,902,5,1160
796,654,9,1450
710,481,8,1191
108,278,6,386
413,461,5,874
424,468,3,892
642,175,7,817
956,356,7,1312
211,371,5,582
224,585,4,809
603,777,5,1380
606,638,4,1244
209,842,3,1051
198,220,2,418
814,92,2,906
843,496,7,1339
892,820,3,1712
531,64,2,595
839,33,2,872
991,624,6,1615
112,94,8,206
552,543,5,1095
258,861,10,1119
28,102,4,130
321,458,2,779
230,456,3,686
804,711,1,1515
356,14,7,370
660,582,7,1242
334,410,3,744
495,805,8,1300
737,319,4,1056
796,890,8,1686
808,587,8,1395
215,229,6,444
992,110,5,1102
966,584,9,1550
178,776,4,954
892,11,8,903
175,737,5,912
426,147,2,573
989,662,1,1651
10,305,7,315
586,270,9,856
727,962,9,1689
562,518,9,1080
197,254,6,451
844,260,1,1104
111,17,10,128
974,326,10,1300
571,327,3,898
335,592,9,927
2,228,7,230
146,361,6,507
858,110,10,968
798,907,10,1705
292,169,10,461
564,784,6,1348
792,772,3,1564
62,621,9,683
984,632,5,1616
105,402,10,507
416,92,9,508
213,995,8,1208
392,146,8,538
897,293,2,1190
210,25,9,235
860,861,8,1721
30,143,6,173
287,954,7,1241
964,316,8,1280
411,724,7,1135
390,427,5,817
443,686,3,1129
767,25,1,792
300,499,3,799
815,503,7,1318
72,749,5,821
289,926,10,1215
673,811,5,1484
167,555,1,722
411,943,6,1354
927,734,10,1661
148,680,4,828
361,71,5,432
814,956,5,1770
157,141,4,298
882,712,9,1594
603,388,7,991
618,975,9,1593
673,96,1,769
484,655,5,1139
964,921,9,1885
676,325,1,1001
794,459,9,1253
667,816,9,1483
703,104,4,807
324,295,1,619
964,826,3,1790
986,359,6,1345
441,892,6,1333
703,48,8,751
916,908,3,1824
736,907,10,1643
295,748,5,1043
607,914,2,1521
803,223,1,1026
559,687,6,1246
263,679,3,942
122,506,10,628
419,286,3,705
647,923,2,1570
745,126,1,871
119,20,5,139
135,349,8,484
476,856,2,1332
949,296,7,1245
435,165,3,600
91,97,2,188
559,224,4,783
359,1,8,360
289,31,6,320
961,637,8,1598
23,176,6,199
386,729,5,1115
507,532,8,1039
116,536,9,652
935,844,8,1779
342,701,9,1043
158,715,3,873
521,100,2,621
433,345,8,778
563,873,7,1436
157,581,7,738
12,348,10,360
606,671,10,1277
936,882,1,1818
361,81,10,442
79,771,3,850
186,605,2,791
151,406,3,557
987,549,4,1536
874,215,10,1089
249,687,8,936
812,672,5,1484
65,194,6,259
124,380,1,504
793,983,9,1776
764,150,5,914
74,642,10,716
963,32,10,995
335,833,1,1168
864,882,4,1746
282,687,5,969
842,123,3,965
290,316,2,606
635,568,3,1203
77,993,5,1070
388,618,5,1006
101,9,5,110
433,332,1,765
493,916,7,1409
60,156,1,216
230,863,3,1093
959,754,7,1713
548,876,6,1424
190,630,8,820
594,435,7,1029
591,806,1,1397
108,215,8,323
151,596,6,747
230,325,7,555
348,802,4,1150
817,828,3,1645
363,613,3,976
476,674,6,1150
344,525,10,869
52,974,2,1026
161,985,10,1146
664,686,2,1350
842,210,5,1052
256,184,4,440
128,651,8,779
435,737,6,1172
709,986,10,1695
992,234,4,1226
169,995,1,1164
376,668,9,1044
957,782,9,1739
478,562,10,1040
437,799,5,1236
43,783,6,826
789,148,10,937
220,18,7,238
998,185,9,1183
567,867,10,1434
973,587,4,1560
341,336,1,677
427,834,1,1261
24,520,3,544
837,156,9,993
337,519,10,856
462,927,2,1389
363,461,5,824
701,304,5,1005
254,796,2,1050
186,45,5,231
377,516,5,893
800,74,9,874
160,731,4,891
217,828,9,1045
11,219,8,230
554,751,1,1305
524,988,6,1512
315,245,8,560
598,254,10,852
442,273,9,715
268,985,6,1253
707,291,5,998
541,790,1,1331
426,621,1,1047
268,886,7,1154
605,885,5,1490
546,630,4,1176
322,821,6,1143
360,602,2,962
554,435,7,989
547,642,1,1189
44,64,1,108
702,332,8,1034
332,468,9,800
583,154,8,737
80,323,5,403
124,787,4,911
647,564,2,1211
94,426,10,520
2,501,1,503
926,742,9,1668
322,438,5,760
123,539,8,662
57,875,8,932
235,376,7,611
527,755,10,1282
525,49,10,574
989,875,3,1864
182,262,1,444
986,8,10,994
578,880,6,1458
837,470,8,1307
904,175,5,1079
311,530,2,841
22,655,9,677
534,694,6,1228
679,823,9,1502
414,72,8,486
596,38,5,634
20,149,6,169
110,914,6,1024
466,778,3,1244
815,328,4,1143
10,232,7,242
942,864,2,1806
537,781,4,1318
8,637,6,645
387,341,3,728
435,896,10,1331
665,747,2,1412
323,739,6,1062
862,371,2,1233
861,374,8,1235
824,140,3,964
798,165,9,963
847,793,2,1640
482,583,7,1065
733,872,5,1605
402,958,1,1360
972,570,10,1542
113,583,5,696
936,732,8,1668
564,655,1,1219
901,916,1,1817
940,834,4,1774
38,211,8,249
220,779,7,999
674,637,7,1311
866,464,9,1330
674,850,7,1524
816,878,4,1694
869,535,3,1404
575,59,3,634
348,509,3,857
309,157,10,466
305,646,4,951
478,955,3,1433
25,285,5,310
438,813,1,1251
233,785,3,1018
942,391,3,1333
912,746,5,1658
636,863,4,1499
180,684,10,864
296,620,5,916
809,594,1,1403
879,490,10,1369
524,132,7,656
548,216,6,764
53,645,1,698
38,374,2,412
702,977,5,1679
648,645,5,1293
124,206,3,330
505,672,9,1177
167,623,10,790
56,447,3,503
8,734,3,742
540,702,9,1242
810,513,8,1323
378,896,3,1274
96,444,4,540
974,973,8,1947
217,350,1,567
173,302,2,475
165,129,1,294
674,718,2,1392
282,6,7,288
41,600,8,641
887,241,5,1128
573,585,8,1158
269,365,8,634
416,166,1,582
500,445,6,945
451,244,1,695
996,646,10,1642
840,497,3,1337
741,816,7,1557
126,143,1,269
148,430,7,578
961,582,1,1543
868,608,4,1476
989,709,7,1698
928,105,6,1033
348,139,6,487
975,766,1,1741
748,802,5,1550
205,973,5,1178
495,923,3,1418
939,761,8,1700
525,434,8,959
898,825,6,1723
467,636,9,1103
787,339,5,1126
610,14,1,624
934,975,10,1909
397,683,6,1080
880,235,4,1115
815,964,2,1779
521,200,9,721
260,50,8,310
15,388,10,403
980,261,10,1241
207,804,6,1011
476,906,9,1382
748,456,1,1204
861,577,2,1438
938,878,6,1816
959,714,1,1673
620,861,3,1481
850,457,1,1307
615,66,1,681
168,19,7,187
974,906,1,1880
316,894,4,1210
617,723,8,1340
884,662,5,1546
70,540,4,610
667,29,9,696
243,480,5,723
300,22,3,322
448,309,2,757
136,146,4,282
617,385,8,1002
78,787,5,865
270,816,3,1086
270,588,5,858
390,360,2,750
17,716,4,733
938,341,8,1279
489,239,1,728
43,580,7,623
861,383,6,1244
159,721,5,880
476,595,1,1071
439,73,4,512
495,310,2,805
457,747,5,1204
312,222,6,534
777,963,6,1740
387,986,8,1373
240,738,10,978
606,943,7,1549
214,428,8,642
441,440,8,881
287,765,8,1052
623,932,9,1555
355,795,4,1150
755,191,4,946
769,306,5,1075
349,200,5,549
842,98,6,940
620,933,10,1553
34,589,4,623
183,766,4,949
262,967,6,1229
532,444,8,976
163,379,1,542
104,542,5,646
346,865,2,1211
939,573,10,1512
443,561,5,1004
721,88,3,809
103,280,8,383
805,942,3,1747
816,632,1,1448
840,484,2,1324
735,206,5,941
694,351,10,1045
215,585,5,800
771,703,6,1474
642,402,1,1044
635,540,9,1175
996,544,4,1540
715,742,2,1457
831,994,10,1825
892,447,10,1339
490,6,4,496
848,796,10,1644
512,568,10,1080
640,621,9,1261
98,363,3,461
561,929,3,1490
778,329,1,1107
516,943,4,1459
371,915,3,1286
886,798,9,1684
17,391,3,408
590,842,3,1432
747,429,9,1176
650,849,3,1499
761,235,1,996
32,262,9,294
270,9,5,279
930,57,3,987
514,974,4,1488
915,358,9,1273
596,660,2,1256
591,402,8,993
656,949,8,1605
567,828,10,1395
705,743,2,1448
480,474,10,954
309,432,5,741
93,257,8,350
578,390,9,968
468,222,3,690
675,761,4,1436
103,44,1,147
324,880,8,1204
925,431,5,1356
561,179,6,740
706,687,10,1393
662,863,6,1525
925,367,7,1292
916,911,2,1827
2,767,9,769
17,507,5,524
644,941,7,1585
166,654,10,820
871,534,6,1405
848,916,6,1764
489,630,9,1119
331,108,5,439
970,524,9,1494
341,672,10,1013
327,387,2,714
612,196,5,808
707,155,8,862
223,296,10,519
161,915,4,1076
91,378,5,469
578,902,1,1480
683,614,5,1297
63,88,6,151
886,230,8,1116
79,407,1,486
149,538,6,687
268,63,9,331
105,608,3,713
446,436,7,882
803,69,9,872
290,646,7,936
798,959,5,1757
951,399,10,1350
999,767,4,1766
600,720,2,1320
294,476,6,770
460,525,7,985
505,703,2,1208
85,390,1,475
661,157,3,818
742,510,2,1252
507,938,10,1445
860,306,3,1166
288,597,8,885
366,484,1,850
634,437,8,1071
87,34,10,121
933,236,7,1169
527,973,4,1500
296,177,3,473
786,310,6,1096
710,939,6,1649
543,287,4,830
15,767,9,782
48,905,1,953
707,422,4,1129
435,939,10,1374
915,126,7,1041
321,686,1,1007
800,301,3,1101
641,305,8,946
66,88,5,154
770,535,5,1305
553,787,7,1340
207,845,4,1052
596,652,1,1248
999,555,3,1554
961,294,4,1255
841,357,6,1198
99,991,2,1090
843,230,6,1073
265,343,4,608
682,277,9,959
593,399,1,992
729,565,3,1294
667,773,9,1440
640,929,6,1569
833,255,8,1088
604,384,4,988
659,882,8,1541
427,485,10,912
665,902,3,1567
14,18,7,32
691,146,3,837
717,853,6,1570
67,251,7,318
297,565,6,862
650,565,1,1215
694,637,6,1331
220,473,3,693
602,216,4,818
964,887,1,1851
614,546,3,1160
97,858,3,955
253,392,1,645
762,840,4,1602
455,420,9,875
429,429,7,858
400,584,4,984
786,886,5,1672
264,848,2,1112
19,320,5,339
464,516,1,980
194,801,1,995
743,324,3,1067
655,923,9,1578
941,912,4,1853
434,196,6,630
35,286,8,321
625,493,1,1118
406,244,5,650
864,723,8,1587
605,119,3,724
101,680,9,781
703,189,7,892
427,874,6,1301
695,483,3,1178
938,189,4,1127
571,618,8,1189
901,70,2,971
784,812,2,1596
678,153,10,831
720,792,5,1512
165,952,5,1117
994,925,7,1919
829,661,6,1490
641,889,10,1530
803,625,3,1428
859,192,2,1051
462,312,7,774
185,35,7,220
911,241,6,1152
997,675,10,1672
40,280,5,320
377,382,2,759
417,347,1,764
658,329,7,987
724,755,5,1479
184,37,6,221
766,765,5,1531
675,302,7,977
955,95,3,1050
226,428,4,654
191,92,2,283
794,255,10,1049
921,886,3,1807
613,582,2,1195
165,753,6,918
434,939,4,1373
226,232,7,458
239,141,8,380
666,533,8,1199
618,614,2,1232
30,423,9,453
132,889,4,1021
607,554,5,1161
759,868,8,1627
231,217,8,448
579,809,4,1388
738,501,3,1239
472,200,4,672
549,696,2,1245
595,105,4,700
211,459,4,670
99,171,6,270
711,771,8,1482
41,319,10,360
992,452,5,1444
509,635,10,1144
867,853,4,1720
368,756,8,1124
622,515,10,1137
140,298,6,438
877,435,8,1312
26,43,2,69
698,119,4,817
54,29,7,83
373,287,9,660
944,907,4,1851
860,414,6,1274
857,142,5,999
266,200,2,466
8,356,5,364
488,665,8,1153
806,381,3,1187
794,325,3,1119
269,133,8,402
885,940,10,1825
588,399,2,987
627,231,9,858
185,975,10,1160
524,566,9,1090
890,651,8,1541
120,800,9,920
960,32,8,992
142,720,4,862
65,446,5,511
838,232,10,1070
521,826,6,1347
330,96,6,426
924,872,3,1796
670,160,2,830
235,726,1,961
463,520,2,983
926,594,2,1520
567,137,4,704
24,194,7,218
920,428,1,1348
835,995,10,1830
649,255,8,904
984,493,7,1477
118,458,10,576
95,291,6,386
347,14,10,361
571,652,1,1223
796,150,3,946
434,567,4,1001
516,564,7,1080
264,140,10,404
329,404,7,733
866,268,4,1134
977,180,7,1157
78,645,2,723
157,932,4,1089
653,984,6,1637
773,710,8,1483
156,816,6,972
786,885,6,1671
613,586,2,1199
693,57,5,750
705,676,2,1381
769,710,4,1479
114,874,8,988
108,671,7,779
769,721,6,1490
326,274,9,600
5,115,3,120
40,407,3,447
200,374,2,574
683,300,4,983
506,8,3,514
219,3,8,222
643,108,4,751
869,666,4,1535
538,409,9,947
49,930,7,979
415,863,3,1278
803,638,4,1441
662,825,8,1487
124,284,8,408
635,358,5,993
455,59,4,514
136,460,10,596
695,836,5,1531
287,740,10,1027
759,483,1,1242
783,655,5,1438
532,350,10,882
329,131,5,460
789,705,1,1494
899,397,2,1296
24,62,9,86
172,982,10,1154
234,171,7,405
137,207,2,344
438,43,7,481
260,305,8,565
903,489,3,1392
455,349,1,804
298,790,1,1088
538,395,2,933
681,773,4,1454
553,953,5,1506
677,213,8,890
342,441,9,783
616,748,8,1364
88,983,3,1071
510,505,1,1015
386,92,7,478
854,45,4,899
367,766,1,1133
2,865,10,867
851,98,7,949
49,636,2,685
663,453,5,1116
11,139,10,150
357,835,6,1192
78,337,8,415
955,954,8,1909
401,782,4,1183
677,883,2,1560
156,774,3,930
325,766,9,1091
50,593,9,643
429,446,3,875
945,512,8,1457
741,662,7,1403
187,46,10,233
887,373,6,1260
952,520,1,1472
813,601,5,1414
266,202,4,468
295,77,5,372
843,755,3,1598
604,656,1,1260
819,691,10,1510
939,106,7,1045
219,111,7,330
168,545,3,713
785,803,5,1588
827,637,10,1464
675,568,2,1243
225,178,6,403
757,961,2,1718
373,369,5,742
860,381,2,1241
136,157,6,293
346,282,6,628
676,384,8,1060
72,763,1,835
614,813,4,1427
309,678,4,987
567,791,9,1358
681,337,4,1018
791,796,5,1587
805,288,5,1093
548,773,6,1321
869,911,6,1780
397,596,3,993
581,985,4,1566
676,805,7,1481
33,57,8,90
666,359,10,1025
308,487,7,795
763,919,8,1682
595,52,7,647
657,857,6,1514
544,936,6,1480
149,758,8,907
344,60,5,404
325,403,2,728
810,820,8,1630
161,253,3,414
29,837,5,866
399,58,5,457
534,210,8,744
698,447,10,1145
287,626,9,913
976,67,10,1043
322,838,1,1160
867,611,2,1478
248,666,4,914
40,426,4,466
819,897,3,1716
385,517,9,902
426,196,9,622
559,153,7,712
367,492,10,859
243,699,4,942
563,651,3,1214
992,130,9,1122
768,88,2,856
190,81,3,271
261,69,8,330
982,806,10,1788
689,840,2,1529
243,463,1,706
248,333,3,581
124,82,9,206
201,268,8,469
525,436,7,961
862,420,1,1282
438,816,4,1254
689,185,9,874
312,114,3,426
819,45,4,864
213,675,3,888
374,260,5,634
931,178,6,1109
391,866,2,1257
632,964,5,1596
961,628,4,1589
469,868,3,1337
576,592,2,1168
374,62,5,436
63,321,4,384
732,567,2,1299
388,548,6,936
352,218,1,570
668,535,3,1203
26,587,2,613
339,307,7,646
996,57,7,1053
502,727,9,1229
168,14,4,182
230,122,4,352
697,284,6,981
941,809,6,1750
232,867,8,1099
995,989,4,1984
889,983,1,1872
128,564,9,692
52,50,2,102
156,183,8,339
197,272,9,469
590,481,10,1071
619,603,3,1222
627,777,4,1404
614,346,4,960
840,345,6,1185
228,504,9,732
396,892,8,1288
252,383,3,635
369,577,4,946
736,444,1,1180
814,402,6,1216
156,291,2,447
317,19,6,336
948,349,2,1297
625,817,2,1442
224,599,8,823
582,734,5,1316
653,887,5,1540
82,753,6,835
56,885,10,941
782,405,8,1187
630,984,2,1614
212,658,2,870
756,575,3,1331
954,672,9,1626
326,663,3,989
970,372,8,1342
153,617,2,770
686,240,6,926
209,617,9,826
862,438,9,1300
698,625,10,1323
465,93,2,558
78,519,2,597
256,800,5,1056
640,904,8,1544
201,860,10,1061
681,797,1,1478
262,677,6,939
49,151,8,200
861,516,4,1377
506,720,6,1226
580,846,4,1426
227,862,6,1089
315,194,9,509
10,414,1,424
568,480,5,1048
830,634,6,1464
981,117,3,1098
144,446,2,590
320,511,9,831
225,981,8,1206
483,581,4,1064
899,325,3,1224
591,117,2,708
208,483,6,691
735,882,1,1617
677,347,1,1024
90,12,4,102
339,440,3,779
799,532,2,1331
951,711,8,1662
474,365,7,839
658,911,6,1569
351,440,9,791
46,221,8,267
114,622,7,736
79,604,9,683
297,154,9,451
383,408,2,791
370,569,7,939
396,181,2,577
574,704,1,1278
296,845,8,1141
719,873,4,1592
386,785,10,1171
993,366,2,1359
834,514,6,1348
898,890,6,1788
82,932,3,1014
136,417,3,553
948,602,10,1550
287,738,10,1025
343,237,10,580
156,613,1,769
249,224,9,473
170,471,9,641
534,583,2,1117
656,154,10,810
199,38,2,237
646,144,5,790
718,514,4,1232
417,187,3,604
815,528,7,1343
859,458,5,1317
71,312,6,383
319,309,5,628
357,315,9,672
848,617,3,1465
143,532,5,675
386,881,6,1267
759,580,7,1339
109,816,8,925
393,190,7,583
406,770,3,1176
732,953,2,1685
837,578,5,1415
292,472,7,764
535,634,9,1169
230,94,6,324
93,822,10,915
673,235,6,908
422,895,10,1317
167,116,9,283
827,190,7,1017
783,849,6,1632
158,365,3,523
802,676,4,1478
127,26,6,153
186,995,3,1181
313,126,6,439
565,675,2,1240
99,823,5,922
887,249,10,1136
90,646,3,736
800,746,6,1546
381,953,8,1334
782,819,8,1601
966,101,9,1067
863,690,4,1553
962,852,1,1814
211,630,9,841
574,131,6,705
974,631,6,1605
362,505,3,867
929,99,2,1028
334,747,2,1081
785,165,9,950
760,707,4,1467
859,422,9,1281
797,223,4,1020
645,241,1,886
841,466,5,1307
906,679,5,1585
195,614,7,809
694,558,8,1252
700,254,4,954
280,605,7,885
484,54,1,538
588,664,9,1252
378,613,4,991
196,215,1,411
966,970,5,1936
112,394,4,506
464,816,10,1280
334,290,6,624
959,907,9,1866
438,525,3,963
323,34,7,357
30,462,4,492
555,650,7,1205
564,458,1,1022
493,274,5,767
97,756,9,853
811,132,4,943
130,728,2,858
804,721,5,1525
420,691,5,1111
398,587,6,985
753,968,8,1721
26,175,6,201
445,648,6,1093
57,881,3,938
985,908,8,1893
483,718,9,1201
624,863,10,1487
831,66,2,897
24,623,10,647
550,586,8,1136
958,858,10,1816
409,106,4,515
7,419,9,426
653,710,4,1363
89,149,7,238
956,132,9,1088
696,718,4,1414
67,242,1,309
852,867,7,1719
801,916,6,1717
86,281,10,367
346,252,9,598
256,787,9,1043
244,863,6,1107
149,309,9,458
102,542,10,644
799,765,10,1564
732,633,6,1365
14,172,10,186
107,329,7,436
441,948,10,1389
763,34,6,797
157,795,5,952
93,725,4,818
519,141,5,660
396,501,10,897
625,877,10,1502
991,617,8,1608
369,325,1,694
748,380,5,1128
210,634,3,844
733,343,8,1076
640,335,3,975
460,742,2,1202
60,325,2,385
496,168,10,664
965,243,2,1208
727,39,8,766
952,562,2,1514
328,797,7,1125
11,840,7,851
151,879,5,1030
151,620,9,771
760,13,1,773
291,34,1,325
575,748,5,1323
14,869,2,883
165,332,4,497
185,552,6,737
504,734,6,1238
206,764,7,970
219,846,4,1065
709,874,2,1583
871,228,7,1099
675,467,5,1142
615,768,9,1383
827,119,5,946
256,132,4,388
76,760,6,836
814,284,6,1098
366,831,10,1197
713,91,3,804
510,979,7,1489
154,756,2,910
541,587,9,1128
92,501,10,593
202,124,10,326
704,420,9,1124
731,797,3,1528
328,336,8,664
75,996,9,1071
566,726,8,1292
551,772,4,1323
613,667,7,1280
595,265,3,860
671,295,2,966
737,652,8,1389
11,870,5,881
649,796,8,1445
868,22,8,890
190,605,1,795
347,578,9,925
669,343,8,1012
795,824,5,1619
320,941,4,1261
758,235,2,993
76,629,7,705
103,425,8,528
396,235,7,631
143,786,7,929
737,644,10,1381
282,801,1,1083
290,725,8,1015
569,86,10,655
852,279,8,1131
854,715,3,1569
925,455,2,1380
40,120,8,160
664,118,10,782
754,783,1,1537
414,131,5,545
410,503,2,913
604,505,4,1109
612,166,6,778
826,730,2,1556
412,217,5,629
339,569,7,908
144,879,4,1023
371,425,7,796
270,728,9,998
587,958,4,1545
719,712,1,1431
327,785,3,1112
98,177,7,275
246,960,5,1206
830,25,8,855
641,176,4,817
679,214,4,893
173,408,4,581
307,586,10,893
220,13,4,233
549,54,6,603
64,962,9,1026
606,675,3,1281
487,252,2,739
993,545,6,1538
569,497,7,1066
846,200,9,1046
238,530,3,768
11,824,8,835
327,985,7,1312
452,628,8,1080
70,166,10,236
614,168,5,782
198,953,8,1151
519,275,4,794
752,798,7,1550
310,948,9,1258
264,572,10,836
213,160,2,373
650,213,8,863
174,983,2,1157
643,77,4,720
431,949,4,1380
564,323,8,887
6,836,5,842
706,230,9,936
591,875,3,1466
994,746,3,1740
310,517,10,827
402,176,7,578
197,978,3,1175
198,898,5,1096
262,420,7,682
863,321,3,1184
998,734,6,1732
619,682,8,1301
829,7,2,836
184,415,9,599
529,520,7,1049
607,895,1,1502
99,940,1,1039
488,813,10,1301
396,229,6,625
892,80,4,972
820,309,4,1129
949,642,6,1591
727,366,7,1093
596,744,1,1340
964,939,3,1903
401,612,2,1013
270,698,1,968
355,109,2,464
412,763,4,1175
220,438,4,658
232,2,6,234
839,985,2,1824
327,196,8,523
436,261,6,697
736,832,2,1568
583,387,4,970
901,620,2,1521
666,700,9,1366
256,632,4,888
439,494,4,933
358,480,7,838
137,101,2,238
5,453,2,458
286,950,6,1236
313,843,9,1156
24,320,1,344
352,216,9,568
318,362,2,680
328,48,8,376
74,123,2,197
252,889,6,1141
465,954,5,1419
870,538,4,1408
637,863,10,1500
938,777,8,1715
784,300,7,1084
875,171,3,1046
805,872,6,1677
666,610,1,1276
650,357,3,1007
453,900,9,1353
23,818,3,841
235,82,9,317
64,194,8,258
913,44,1,957
979,185,7,1164
769,672,6,1441
643,533,2,1176
433,974,1,1407
166,536,5,702
472,309,10,781
546,352,1,898
746,852,2,1598
913,736,6,1649
554,607,4,1161
109,510,6,619
153,566,8,719
790,232,9,1022
421,115,10,536
649,574,9,1223
869,662,6,1531
22,644,3,666
50,775,1,825
963,421,9,1384
681,702,8,1383
982,725,8,1707
601,439,9,1040
284,300,2,584
676,818,7,1494
337,401,3,738
39,107,5,146
977,858,10,1835
51,654,5,705
542,720,10,1262
273,941,9,1214
302,22,2,324
940,886,10,1826
812,650,5,1462
757,144,3,901
896,895,1,1791
237,899,5,1136
198,460,7,658
973,331,10,1304
487,768,5,1255
217,412,1,629
207,821,2,1028
170,540,7,710
115,992,9,1107
93,965,4,1058
607,979,2,1586
785,165,6,950
650,6,4,656
199,952,7,1151
25,963,3,988
406,573,9,979
354,615,2,969
237,633,9,870
413,841,10,1254
20,599,10,619
941,935,9,1876
689,582,3,1271
507,800,5,1307
627,530,8,1157
947,741,3,1688
505,567,2,1072
296,212,1,508
554,403,5,957
935,283,2,1218
248,99,3,347
403,251,1,654
937,304,10,1241
274,423,7,697
357,879,9,1236
849,828,1,1677
675,262,9,937
269,614,5,883
457,968,6,1425
52,405,6,457
663,455,1,1118
487,338,3,825
482,445,8,927
462,785,4,1247
90,467,7,557
0,819,9,819
191,42,3,233
90,185,3,275
13,891,5,904
787,17,9,804
630,764,4,1394
379,451,3,830
536,633,10,1169
658,380,7,1038
978,877,7,1855
201,574,3,775
949,605,2,1554
21,237,7,258
814,830,7,1644
770,55,6,825
447,51,9,498
338,117,1,455
123,234,2,357
661,776,6,1437
327,452,10,779
449,90,10,539
311,373,3,684
891,223,6,1114
661,790,10,1451
68,106,9,174
402,347,5,749
282,293,9,575
496,433,3,929
570,867,1,1437
758,910,3,1668
535,339,1,874
744,19,3,763
728,537,3,1265
48,421,3,469
442,207,2,649
729,823,10,1552
64,407,5,471
56,200,3,256
165,843,10,1008
824,320,9,1144
159,811,5,970
789,470,1,1259
950,166,6,1116
474,94,7,568
182,973,2,1155
832,228,6,1060
78,797,5,875
671,999,6,1670
377,614,5,991
445,840,6,1285
426,657,3,1083
929,476,1,1405
323,142,8,465
803,528,1,1331
588,874,8,1462
144,972,9,1116
245,594,1,839
121,404,9,525
822,294,5,1116
413,554,4,967
306,704,6,1010
788,224,4,1012
321,47,2,368
588,225,6,813
870,881,5,1751
60,878,1,938
654,271,8,925
886,540,2,1426
913,244,10,1157
462,828,7,1290
894,941,8,1835
764,883,5,1647
794,967,8,1761
892,130,8,1022
997,764,9,1761
207,33,8,240
623,84,1,707
46,913,2,959
340,576,5,916
235,955,1,1190
769,561,1,1330
263,897,8,1160
215,351,1,566
764,564,5,1328
129,876,3,1005
261,851,3,1112
320,349,2,669
558,49,4,607
785,870,7,1655
438,648,3,1086
344,465,5,809
17,694,4,711
409,31,10,440
121,28,6,149
481,853,4,1334
242,240,5,482
922,20,6,942
835,420,10,1255
391,794,10,1185
882,553,8,1435
549,674,1,1223
754,362,2,1116
467,579,5,1046
612,486,5,1098
701,521,6,1222
211,821,1,1032
932,824,8,1756
957,714,3,1671
493,166,1,659
434,165,4,599
668,567,7,1235
175,603,2,778
904,111,8,1015
219,951,8,1170
158,851,7,1009
404,18,9,422
785,323,6,1108
507,869,4,1376
806,320,3,1126
34,205,2,239
244,415,7,659
466,366,4,832
327,848,2,1175
710,68,6,778
153,801,3,954
481,786,6,1267
11,819,6,830
573,968,5,1541
841,159,2,1000
385,500,6,885
920,573,10,1493
937,826,3,1763
887,204,4,1091
849,431,7,1280
721,773,6,1494
278,378,7,656
285,904,1,1189
774,741,6,1515
923,142,7,1065
967,303,8,1270
822,188,5,1010
36,191,10,227
769,837,10,1606
620,668,5,1288
65,437,3,502
690,681,2,1371
640,349,3,989
790,642,5,1432
579,701,1,1280
253,900,3,1153
11,480,3,491
534,121,3,655
475,217,4,692
311,60,3,371
881,138,1,1019
5,28,1,33
414,482,7,896
487,901,7,1388
978,615,6,1593
369,729,5,1098
573,593,1,1166
15,834,5,849
325,124,7,449
901,584,8,1485
307,237,5,544
539,622,2,1161
422,20,1,442
769,453,7,1222
816,23,6,839
373,77,5,450
982,427,6,1409
479,932,4,1411
489,600,7,1089
642,917,5,1559
828,752,1,1580
910,335,10,1245
408,350,10,758
748,371,10,1119
313,69,1,382
244,518,10,762
134,807,3,941
20,129,10,149
145,331,9,476
43,693,2,736
972,809,3,1781
392,433,2,825
540,144,9,684
964,133,10,1097
679,961,10,1640
17,210,4,227
490,609,2,1099
184,515,6,699
140,740,2,880
138,911,4,1049
69,571,8,640
959,821,3,1780
143,144,3,287
51,840,2,891
565,66,1,631
484,123,2,607
264,218,1,482
898,434,8,1332
80,824,7,904
130,579,6,709
109,138,4,247
426,475,5,901
966,993,4,1959
298,165,2,463
302,974,9,1276
669,539,3,1208
426,653,2,1079
835,856,2,1691
595,278,6,873
565,308,9,873
646,494,5,1140
976,436,5,1412
130,511,1,641
547,689,8,1236
775,140,7,915
301,17,8,318
939,704,1,1643
396,640,8,1036
775,321,6,1096
697,226,10,923
827,660,1,1487
252,186,3,438
348,731,7,1079
630,310,4,940
792,956,6,1748
946,507,2,1453
972,928,9,1900
227,843,10,1070
980,440,3,1420
515,898,7,1413
748,570,8,1318
456,551,8,1007
464,108,2,572
903,251,2,1154
229,453,8,682
592,858,6,1450
963,556,4,1519
572,390,1,962
791,192,4,983
695,645,9,1340
823,945,9,1768
626,219,6,845
608,699,8,1307
119,291,4,410
379,113,1,492
37,197,3,234
681,866,3,1547
477,763,2,1240
26,850,9,876
731,339,6,1070
556,837,4,1393
580,194,6,774
620,745,2,1365
891,613,7,1504
519,57,1,576
265,739,5,1004
196,987,4,1183
34,671,9,705
506,276,1,782
75,346,8,421
757,636,5,1393
878,972,6,1850
620,258,9,878
550,547,8,1097
478,255,1,733
150,671,2,821
621,376,4,997
464,715,8,1179
719,261,4,980
328,316,7,644
995,986,10,1981
250,997,4,1247
592,951,6,1543
287,825,1,1112
239,646,9,885
665,931,7,1596
182,551,9,733
834,175,9,1009
250,256,9,506
287,392,8,679
849,511,10,1360
570,529,6,1099
616,362,8,978
805,515,5,1320
191,852,10,1043
572,968,8,1540
716,914,9,1630
693,233,9,926
650,725,1,1375
55,612,1,667
526,348,2,874
369,635,2,1004
943,700,10,1643
718,550,7,1268
905,400,2,1305
283,821,3,1104
620,387,3,1007
874,638,3,1512
755,417,8,1172
624,766,10,1390
879,776,10,1655
973,241,8,1214
853,182,10,1035
117,811,2,928
417,768,5,1185
126,571,7,697
410,183,3,593
324,730,2,1054
780,936,1,1716
996,769,4,1765
160,778,9,938
141,591,4,732
843,18,2,861
769,292,8,1061
796,719,6,1515
784,376,8,1160
140,688,6,828
294,685,10,979
38,977,9,1015
857,179,2,1036
476,376,4,852
974,282,6,1256
576,398,6,974
308,346,3,654
34,733,10,767
861,424,8,1285
866,517,2,1383
8,111,3,119
388,796,4,1184
455,110,4,565
14,973,1,987
331,62,3,393
938,72,4,1010
545,875,4,1420
149,763,5,912
161,914,6,1075
848,795,9,1643
375,659,10,1034
585,16,6,601
346,374,4,720
650,116,7,766
252,429,10,681
333,392,3,725
132,275,6,407
30,173,5,203
787,432,10,1219
526,845,3,1371
285,585,5,870
545,569,6,1114
23,371,4,394
739,589,2,1328
562,848,2,1410
792,391,8,1183
615,676,6,1291
471,712,7,1183
16,964,8,980
498,379,10,877
327,760,8,1087
383,471,2,854
45,999,2,1044
163,656,5,819
316,89,8,405
969,678,8,1647
710,443,4,1153
733,839,9,1572
147,865,6,1012
583,236,3,819
637,900,7,1537
490,631,6,1121
610,517,3,1127
458,452,10,910
854,71,5,925
51,234,10,285
41,883,4,924
11,828,1,839
740,887,1,1627
20,673,2,693
339,22,10,361
258,536,8,794
230,800,7,1030
879,370,6,1249
272,652,9,924
967,596,6,1563
902,710,1,1612
300,619,8,919
940,921,8,1861
545,898,7,1443
298,255,5,553
729,950,6,1679
339,581,3,920
885,179,7,1064
409,325,6,734
325,686,6,1011
723,776,8,1499
521,616,3,1137
207,269,10,476
226,376,8,602
319,134,1,453
485,915,8,1400
638,532,8,1170
33,804,9,837
432,609,7,1041
890,932,3,1822
722,908,4,1630
717,569,7,1286
32,750,4,782
258,10,1,268
21,294,1,315
372,243,2,615
754,259,4,1013
761,369,8,1130
10,69,3,79
877,292,2,1169
840,613,10,1453
346,162,8,508
917,952,8,1869
863,977,10,1840
724,3,7,727
269,44,9,313
931,61,9,992
808,748,4,1556
525,947,8,1472
181,683,2,864
151,380,8,531
651,397,1,1048
808,1,10,809
674,703,1,1377
27,361,9,388
866,135,8,1001
909,890,7,1799
702,418,4,1120
653,497,2,1150
195,541,1,736
881,182,1,1063
379,373,9,752
569,666,3,1235
981,241,10,1222
137,603,4,740
992,833,3,1825
788,129,6,917
295,830,2,1125
714,361,10,1075
75,620,9,695
30,598,4,628
325,7,8,332
755,502,4,1257
304,980,1,1284
881,562,9,1443
103,300,8,403
157,749,9,906
500,667,8,1167
8,927,7,935
214,337,5,551
449,109,5,558
822,935,5,1757
322,699,6,1021
287,89,7,376
585,193,7,778
323,405,10,728
706,694,2,1400
61,438,8,499
215,739,4,954
976,582,9,1558
444,587,9,1031
243,533,4,776
895,271,6,1166
288,176,3,464
281,744,8,1025
642,767,7,1409
823,490,2,1313
779,960,5,1739
952,898,2,1850
91,629,3,720
772,75,8,847
989,612,6,1601
1,105,8,106
779,271,6,1050
65,571,8,636
281,559,8,840
552,981,3,1533
276,849,10,1125
61,687,1,748
529,988,3,1517
14,473,3,487
121,59,10,180
242,166,9,408
427,817,10,1244
366,68,9,434
212,17,7,229
794,421,8,1215
257,567,2,824
403,352,1,755
58,137,5,195
900,985,6,1885
131,421,2,552
369,440,5,809
489,685,8,1174
45,512,1,557
256,73,7,329
244,780,4,1024
393,877,2,1270
180,991,8,1171
97,727,9,824
146,975,3,1121
815,755,1,1570
244,119,1,363
375,499,9,874
77,224,5,301
24,803,10,827
200,12,9,212
550,642,1,1192
293,652,10,945
590,365,10,955
481,795,5,1276
838,879,9,1717
266,788,1,1054
995,157,9,1152
951,432,8,1383
521,340,4,861
592,304,9,896
938,540,5,1478
96,306,1,402
75,244,7,319
986,761,3,1747
774,909,9,1683
727,198,9,925
405,955,5,1360
320,374,10,694
905,410,1,1315
63,689,8,752
889,176,1,1065
195,337,5,532
544,453,1,997
78,360,10,438
376,632,9,1008
672,938,2,1610
719,484,4,1203
162,813,6,975
523,41,10,564
385,295,7,680
132,927,4,1059
156,829,1,985
883,904,2,1787
988,356,7,1344
676,526,7,1202
331,574,9,905
891,325,9,1216
817,660,6,1477
313,295,4,608
575,491,6,1066
148,126,1,274
777,381,4,1158
852,713,6,1565
577,905,1,1482
539,318,9,857
459,524,5,983
696,315,3,1011
171,824,5,995
634,506,8,1140
917,662,7,1579
753,128,7,881
763,240,4,1003
904,63,8,967
261,495,1,756
451,967,7,1418
533,517,2,1050
355,376,4,731
723,520,7,1243
622,609,9,1231
520,9,10,529
254,660,1,914
131,862,1,993
608,742,8,1350
595,303,3,898
58,765,8,823
916,281,9,1197
624,326,9,950
489,702,5,1191
252,872,2,1124
286,884,3,1170
174,547,3,721
646,63,5,709
248,802,5,1050
482,567,3,1049
207,196,6,403
591,717,3,1308
214,642,3,856
265,722,9,987
208,232,1,440
739,543,7,1282
776,172,7,948
882,348,10,1230
204,686,10,890
551,540,9,1091
502,371,6,873
421,348,2,769
114,700,2,814
913,881,10,1794
324,474,8,798
126,508,6,634
451,324,4,775
935,45,10,980
763,804,8,1567
171,760,8,931
243,544,4,787
194,802,3,996
469,782,7,1251
769,976,2,1745
437,90,10,527
53,234,5,287
915,805,2,1720
303,722,1,1025
10,777,2,787
225,529,5,754
614,22,8,636
405,598,6,1003
492,603,2,1095
610,64,7,674
40,852,3,892
813,570,6,1383
793,252,2,1045
887,135,2,1022
123,18,4,141
485,37,1,522
727,969,4,1696
131,274,7,405
906,838,3,1744
532,975,1,1507
189,920,1,1109
392,933,8,1325
325,526,8,851
830,337,5,1167
554,733,4,1287
691,910,2,1601
2,143,1,145
26,427,4,453
637,764,9,1401
691,394,5,1085
24,641,10,665
748,391,3,1139
416,49,6,465
475,892,2,1367
776,463,4,1239
818,414,2,1232
306,229,1,535
807,707,8,1514
751,16,7,767
313,339,9,652
533,581,8,1114
369,795,9,1164
539,612,5,1151
382,212,3,594
700,305,10,1005
561,423,5,984
401,165,8,566
987,611,3,1598
380,839,3,1219
559,224,9,783
286,884,7,1170
550,856,7,1406
107,828,1,935
773,2,3,775
492,210,4,702
618,168,1,786
543,146,10,689
69,975,5,1044
712,928,8,1640
669,697,5,1366
185,18,7,203
929,894,4,1823
403,767,7,1170
642,910,8,1552
429,829,3,1258
503,69,9,572
841,421,9,1262
560,269,1,829
967,550,10,1517
371,562,1,933
942,138,1,1080
626,630,4,1256
199,30,2,229
255,664,3,919
620,656,7,1276
375,528,1,903
347,125,9,472
262,851,6,1113
505,87,3,592
426,256,9,682
541,491,8,1032
338,622,4,960
579,465,10,1044
366,720,2,1086
577,160,9,737
461,932,3,1393
847,78,9,925
571,243,8,814
742,219,9,961
289,496,10,785
611,95,2,706
468,535,2,1003
760,857,1,1617
933,756,7,1689
710,754,10,1464
345,660,4,1005
504,62,5,566
349,433,1,782
640,224,5,864
350,792,5,1142
725,941,2,1666
938,963,9,1901
848,463,4,1311
59,620,3,679
805,856,6,1661
764,995,5,1759
826,959,10,1785
331,923,6,1254
579,812,6,1391
167,362,10,529
909,172,2,1081
464,71,10,535
32,566,8,598
46,805,8,851
471,797,4,1268
188,995,7,1183
378,112,10,490
937,35,3,972
865,975,10,1840
482,720,10,1202
736,67,4,803
127,764,2,891
235,444,8,679
317,810,2,1127
909,112,8,1021
614,246,2,860
778,361,7,1139
4,232,4,236
658,746,3,1404
65,143,8,208
930,993,2,1923
291,855,2,1146
667,258,9,925
523,99,1,622
7,680,1,687
409,445,2,854
991,264,8,1255
691,652,9,1343
535,745,4,1280
160,59,8,219
552,412,3,964
660,326,5,986
326,1,6,327
145,875,10,1020
677,893,1,1570
975,620,5,1595
345,715,1,1060
477,391,9,868
413,418,3,831
456,291,4,747
24,311,4,335
293,489,2,782
687,245,1,932
257,348,6,605
977,582,2,1559
498,802,3,1300
283,276,1,559
668,554,10,1222
659,89,4,748
977,635,1,1612
676,382,6,1058
301,780,1,1081
399,761,6,1160
656,637,3,1293
300,867,10,1167
895,5,10,900
45,945,1,990
172,939,6,1111
586,138,6,724
168,954,7,1122
827,648,9,1475
1,821,10,822
823,90,1,913
372,222,6,594
649,444,2,1093
246,136,7,382
561,11,8,572
301,631,4,932
64,946,10,1010
523,580,9,1103
699,84,2,783
689,212,10,901
357,422,2,779
746,691,1,1437
511,276,3,787
103,601,9,704
901,82,4,983
350,512,5,862
934,571,8,1505
335,177,1,512
336,623,9,959
990,318,5,1308
429,850,5,1279
607,907,1,1514
414,445,1,859
265,432,6,697
71,68,10,139
501,548,6,1049
524,726,9,1250
762,192,6,954
375,69,7,444
526,177,2,703
297,419,3,716
412,613,1,1025
604,295,7,899
414,818,2,1232
515,125,5,640
976,577,6,1553
81,357,9,438
271,775,9,1046
694,734,2,1428
218,473,3,691
43,74,1,117
560,126,2,686
658,288,10,946
952,842,9,1794
282,490,3,772
774,622,2,1396
87,254,6,341
804,575,6,1379
922,422,9,1344
286,761,2,1047
881,787,8,1668
96,239,3,335
109,186,1,295
860,756,4,1616
562,193,9,755
538,30,10,568
927,647,9,1574
8,753,6,761
427,831,2,1258
843,918,4,1761
487,340,3,827
89,704,10,793
922,488,1,1410
177,468,8,645
718,896,9,1614
612,158,1,770
624,96,3,720
711,608,4,1319
841,795,3,1636
174,980,4,1154
800,417,10,1217
833,289,7,1122
481,436,10,917
920,88,9,1008
967,287,5,1254
642,413,2,1055
708,344,1,1052
129,978,7,1107
885,473,8,1358
467,489,9,956
414,165,3,579
84,468,5,552
98,961,6,1059
923,728,2,1651
969,946,8,1915
631,938,9,1569
170,141,1,311
489,252,3,741
43,768,3,811
654,641,6,1295
239,159,2,398
770,209,8,979
611,733,9,1344
408,822,4,1230
992,419,10,1411
223,271,3,494
410,750,3,1160
993,304,3,1297
513,150,3,663
205,629,3,834
305,941,4,1246
637,997,8,1634
607,945,6,1552
13,637,7,650
129,256,4,385
700,984,7,1684
870,543,7,1413
686,845,10,1531
408,78,4,486
421,959,8,1380
504,272,7,776
745,323,5,1068
39,743,1,782
835,901,7,1736
236,663,9,899
435,304,10,739
733,765,5,1498
809,547,3,1356
474,719,6,1193
27,0,4,27
299,303,3,602
216,735,1,951
817,132,9,949
566,259,5,825
761,31,8,792
646,990,4,1636
690,97,4,787
590,247,4,837
293,405,1,698
37,190,10,227
337,295,3,632
306,659,8,965
746,739,4,1485
899,626,9,1525
563,20,4,583
970,448,5,1418
560,256,1,816
681,89,3,770
789,963,4,1752
130,754,5,884
542,52,2,594
780,787,2,1567
876,389,1,1265
473,882,1,1355
424,153,3,577
904,946,4,1850
760,571,2,1331
236,483,1,719
574,100,3,674
350,630,1,980
464,805,9,1269
825,911,10,1736
263,362,6,625
371,395,7,766
660,397,2,1057
86,725,9,811
560,945,8,1505
933,400,8,1333
291,713,7,1004
310,122,3,432
347,651,9,998
277,954,6,1231
713,638,4,1351
342,133,10,475
402,43,7,445
176,544,4,720
415,852,10,1267
921,732,6,1653
327,516,2,843
787,572,8,1359
365,385,5,750
369,423,6,792
333,97,10,430
895,41,1,936
407,378,7,785
872,52,10,924
656,401,10,1057
712,872,9,1584
725,61,3,786
672,711,6,1383
60,988,4,1048
709,264,10,973
235,888,9,1123
179,474,7,653
76,969,2,1045
558,163,3,721
315,943,4,1258
272,299,1,571
520,513,5,1033
780,260,7,1040
662,918,10,1580
543,918,2,1461
146,758,4,904
887,750,7,1637
962,49,8,1011
169,165,6,334
725,63,1,788
633,938,1,1571
11,617,1,628
963,100,3,1063
530,465,9,995
746,561,8,1307
296,780,6,1076
756,456,9,1212
28,394,1,422
870,193,9,1063
992,179,5,1171
686,276,2,962
268,603,4,871
719,850,9,1569
769,955,5,1724
417,458,9,875
820,15,4,835
273,371,8,644
341,787,1,1128
148,641,4,789
836,782,6,1618
365,957,3,1322
786,229,1,1015
703,268,4,971
662,934,6,1596
126,7,8,133
667,644,4,1311
651,103,2,754
153,497,8,650
416,796,2,1212
523,993,6,1516
383,22,1,405
975,661,1,1636
504,272,9,776
89,349,2,438
260,606,5,866
977,888,10,1865
589,735,8,1324
569,410,5,979
604,49,6,653
469,910,4,1379
824,3,3,827
889,139,5,1028
175,161,7,336
345,242,1,587
276,783,9,1059
59,760,10,819
844,922,8,1766
246,684,6,930
331,770,2,1101
875,942,5,1817
937,339,2,1276
721,47,3,768
752,104,3,856
569,497,2,1066
286,584,1,870
344,532,8,876
315,318,6,633
490,365,1,855
540,343,8,883
833,248,4,1081
456,842,10,1298
602,553,2,1155
397,848,6,1245
546,203,8,749
292,527,4,819
36,979,4,1015
680,161,3,841
943,113,7,1056
354,789,8,1143
866,535,6,1401
416,262,9,678
265,879,2,1144
620,326,3,946
358,299,2,657
633,28,2,661
807,769,4,1576
788,640,5,1428
843,765,4,1608
465,366,9,831
913,641,7,1554
612,18,4,630
618,435,5,1053
454,491,2,945
409,761,10,1170
981,73,2,1054
767,260,9,1027
839,300,5,1139
125,987,9,1112
471,38,10,509
364,259,8,623
449,56,8,505
131,595,7,726
661,67,10,728
788,917,7,1705
911,414,8,1325
798,221,6,1019
202,253,4,455
630,610,9,1240
145,454,2,599
443,5,7,448
624,350,1,974
548,57,5,605
363,813,3,1176
291,96,8,387
976,296,5,1272
743,817,4,1560
95,359,2,454
526,241,5,767
225,858,10,1083
513,113,9,626
398,315,9,713
485,705,8,1190
462,373,8,835
78,16,5,94
750,580,1,1330
234,602,7,836
723,334,4,1057
658,652,2,1310
858,246,3,1104
565,124,6,689
472,617,1,1089
770,28,5,798
970,267,3,1237
193,856,6,1049
815,254,1,1069
150,862,8,1012
4,420,1,424
533,561,1,1094
366,312,9,678
706,568,8,1274
625,469,1,1094
643,383,5,1026
56,865,2,921
824,912,2,1736
299,765,7,1064
421,59,9,480
312,801,1,1113
628,817,8,1445
621,599,3,1220
216,36,9,252
735,390,1,1125
794,717,2,1511
675,412,10,1087
812,578,7,1390
677,409,9,1086
24,119,5,143
649,545,8,1194
246,780,9,1026
866,839,2,1705
685,942,1,1627
406,552,6,958
817,374,5,1191
501,965,6,1466
979,163,1,1142
789,919,2,1708
620,913,5,1533
121,376,5,497
259,697,5,956
630,255,2,885
327,21,1,348
573,327,8,900
236,928,9,1164
462,690,10,1152
49,13,1,62
135,197,1,332
242,941,10,1183
953,672,10,1625
863,460,1,1323
920,453,9,1373
596,559,5,1155
237,640,7,877
685,125,5,810
797,703,3,1500
971,228,2,1199
629,517,5,1146
263,959,10,1222
367,876,10,1243
740,143,10,883
458,160,4,618
736,180,2,916
772,290,9,1062
734,704,8,1438
511,383,9,894
377,745,7,1122
679,619,3,1298
871,503,1,1374
790,962,7,1752
132,340,2,472
425,282,1,707
381,541,6,922
55,399,7,454
271,976,4,1247
331,557,1,888
762,719,7,1481
831,504,5,1335
836,249,2,1085
230,251,3,481
462,4,5,466
691,251,9,942
394,858,6,1252
287,390,1,677
112,473,7,585
272,282,9,554
554,57,10,611
145,928,8,1073
302,130,8,432
403,504,6,907
687,686,10,1373
227,92,4,319
998,220,3,1218
521,959,7,1480
274,835,9,1109
283,501,6,784
27,773,5,800
269,134,1,403
10,90,4,100
539,37,2,576
725,652,6,1377
469,624,2,1093
320,563,3,883
350,901,10,1251
368,291,3,659
59,33,6,92
194,669,5,863
676,560,9,1236
336,335,6,671
967,737,6,1704
319,890,7,1209
419,533,10,952
569,939,2,1508
355,593,7,948
980,202,6,1182
508,763,5,1271
535,804,2,1339
782,441,2,1223
51,160,3,211
402,818,10,1220
814,138,2,952
274,942,3,1216
833,708,2,1541
955,680,10,1635
728,313,10,1041
887,550,10,1437
751,561,5,1312
477,609,8,1086
617,601,8,1218
225,914,8,1139
990,126,4,1116
96,46,4,142
159,588,3,747
683,61,4,744
714,334,10,1048
516,49,10,565
400,197,3,597
766,227,7,993
330,577,9,907
155,73,6,228
703,763,9,1466
27,827,3,854
233,126,3,359
906,578,10,1484
205,526,10,731
433,987,7,1420
698,712,9,1410
840,344,2,1184
778,871,10,1649
671,580,1,1251
200,503,5,703
29,761,3,790
821,201,7,1022
526,756,9,1282
394,428,5,822
800,751,2,1551
264,4,9,268
545,184,4,729
373,306,1,679
38,46,5,84
661,703,9,1364
911,697,3,1608
338,94,2,432
452,78,3,530
387,506,3,893
515,467,1,982
700,558,5,1258
114,380,8,494
729,570,7,1299
266,749,3,1015
329,232,1,561
300,222,4,522
477,416,2,893
223,1,2,224
769,115,2,884
418,169,3,587
919,270,1,1189
478,535,4,1013
622,910,6,1532
301,567,2,868
714,422,3,1136
520,617,1,1137
241,24,10,265
686,642,8,1328
53,660,9,713
401,81,7,482
662,200,5,862
229,857,9,1086
232,198,3,430
186,37,9,223
529,435,8,964
550,429,2,979
276,578,4,854
92,632,10,724
448,84,6,532
378,556,10,934
395,465,1,860
347,7,10,354
282,68,9,350
332,886,8,1218
881,334,7,1215
659,893,3,1552
428,59,10,487
137,205,6,342
119,719,5,838
188,955,9,1143
617,544,9,1161
985,35,6,1020
390,508,8,898
393,218,6,611
387,633,6,1020
525,308,6,833
352,408,9,760
46,270,5,316
164,477,3,641
886,267,8,1153
858,249,7,1107
613,802,4,1415
256,190,9,446
133,375,2,508
876,147,4,1023
917,368,6,1285
883,703,8,1586
714,659,5,1373
793,755,5,1548
809,123,9,932
820,626,1,1446
308,904,8,1212
420,916,8,1336
807,842,7,1649
989,559,8,1548
703,429,8,1132
666,937,5,1603
906,353,7,1259
31,426,2,457
317,805,5,1122
265,890,6,1155
699,142,3,841
383,925,4,1308
336,317,3,653
881,310,7,1191
335,600,9,935
273,219,10,492
901,182,7,1083
183,684,4,867
746,219,1,965
723,133,3,856
588,194,2,782
909,268,6,1177
627,22,4,649
139,677,4,816
505,670,2,1175
647,505,4,1152
164,545,6,709
943,581,2,1524
527,781,6,1308
693,964,8,1657
583,814,10,1397
59,273,10,332
287,584,6,871
120,319,9,439
557,478,6,1035
387,750,2,1137
210,269,8,479
586,700,1,1286
375,773,10,1148
283,396,3,679
631,848,9,1479
86,894,1,980
589,24,9,613
472,541,2,1013
480,673,5,1153
643,718,2,1361
928,187,5,1115
406,460,4,866
607,644,7,1251
254,356,2,610
320,902,6,1222
231,801,4,1032
790,723,6,1513
812,477,4,1289
780,7,9,787
615,541,6,1156
951,627,4,1578
582,830,7,1412
588,718,8,1306
921,73,1,994
200,682,5,882
204,79,6,283
463,462,1,925
289,985,10,1274
752,179,5,931
353,210,4,563
448,977,3,1425
64,440,2,504
747,680,2,1427
510,513,7,1023
366,231,6,597
37,348,8,385
110,68,6,178
957,130,8,1087
26,136,4,162
258,703,1,961
182,372,10,554
967,688,6,1655
795,325,1,1120
194,738,5,932
541,290,10,831
172,464,6,636
518,966,9,1484
459,706,1,1165
889,278,7,1167
35,694,10,729
936,505,1,1441
88,816,1,904
59,951,6,1010
833,429,5,1262
759,903,3,1662
334,522,5,856
305,697,1,1002
493,127,1,620
981,255,10,1236
323,174,8,497
489,343,1,832
693,519,4,1212
456,990,7,1446
337,938,9,1275
965,314,9,1279
92,741,3,833
165,717,10,882
852,257,4,1109
477,357,2,834
657,696,6,1353
320,277,2,597
564,851,9,1415
994,756,7,1750
980,963,8,1943
430,304,5,734
705,326,5,1031
398,198,3,596
491,229,1,720
167,631,3,798
51,19,6,70
885,360,9,1245
751,534,10,1285
115,900,10,1015
751,117,5,868
560,236,10,796
567,615,8,1182
684,20,1,704
46,767,4,813
873,487,8,1360
275,274,5,549
662,827,2,1489
422,226,4,648
780,594,9,1374
158,868,2,1026
17,559,9,576
957,935,8,1892
867,773,6,1640
20,267,6,287
355,267,5,622
131,896,2,1027
835,498,2,1333
795,354,8,1149
69,662,5,731
335,171,5,506
770,534,2,1304
1,199,2,200
762,598,8,1360
161,325,9,486
463,128,10,591
727,932,2,1659
372,584,8,956
45,36,4,81
214,189,8,403
587,483,5,1070
972,37,9,1009
820,565,1,1385
940,947,10,1887
554,193,1,747
930,284,8,1214
986,631,3,1617
224,819,2,1043
242,866,1,1108
773,986,6,1759
65,879,1,944
281,126,6,407
655,627,5,1282
829,588,1,1417
150,432,2,582
171,799,1,970
810,733,8,1543
838,396,8,1234
491,287,7,778
118,514,4,632
446,691,1,1137
685,713,3,1398
719,351,6,1070
351,179,3,530
148,396,4,544
329,647,7,976
585,378,7,963
904,88,9,992
780,966,8,1746
468,291,5,759
743,502,4,1245
414,485,1,899
512,872,6,1384
221,922,1,1143
296,996,10,1292
568,353,3,921
100,701,4,801
156,904,4,1060
793,123,4,916
627,153,8,780
502,235,9,737
1,962,8,963
273,361,2,634
609,376,4,985
979,265,8,1244
74,538,1,612
417,191,8,608
216,710,10,926
790,596,1,1386
813,240,1,1053
252,901,4,1153
292,511,4,803
202,785,10,987
203,973,3,1176
973,213,10,1186
881,302,6,1183
577,824,1,1401
673,483,8,1156
829,466,10,1295
316,150,8,466
950,598,5,1548
346,671,1,1017
633,210,7,843
805,305,4,1110
196,436,2,632
202,447,9,649
908,775,1,1683
475,335,10,810
546,993,4,1539
700,95,6,795
803,835,7,1638
373,438,7,811
953,674,7,1627
32,633,10,665
959,775,2,1734
613,257,5,870
954,95,8,1049
393,824,6,1217
576,156,4,732
155,91,9,246
790,508,8,1298
56,103,8,159
816,82,5,898
546,641,7,1187
54,610,7,664
745,236,8,981
227,508,1,735
806,497,5,1303
515,94,2,609
491,474,4,965
477,958,9,1435
74,542,7,616
817,780,7,1597
236,862,7,1098
891,497,2,1388
543,496,8,1039
592,227,9,819
584,522,3,1106
110,817,7,927
259,452,4,711
313,678,2,991
109,590,4,699
225,321,2,546
520,523,10,1043
121,262,1,383
810,313,2,1123
674,785,4,1459
18,234,7,252
994,655,2,1649
481,612,8,1093
92,336,5,428
162,420,9,582
999,656,10,1655
441,832,7,1273
760,45,7,805
166,981,6,1147
81,779,1,860
605,746,4,1351
832,325,6,1157
179,332,3,511
376,803,7,1179
308,13,3,321
395,516,5,911
485,690,10,1175
979,326,8,1305
168,506,1,674
403,589,6,992
600,31,3,631
414,363,3,777
122,739,3,861
124,868,7,992
425,526,3,951
55,47,1,102
785,671,7,1456
259,141,3,400
993,329,10,1322
819,328,8,1147
927,398,1,1325
164,478,4,642
637,484,5,1121
664,343,10,1007
165,819,9,984
547,4,5,551
506,241,1,747
369,662,1,1031
450,174,10,624
920,812,9,1732
643,906,6,1549
402,590,7,992
543,340,8,883
2,619,1,621
488,202,7,690
705,473,10,1178
701,540,7,1241
358,720,2,1078
511,537,10,1048
947,794,7,1741
215,88,8,303
587,113,1,700
851,886,9,1737
306,601,3,907
264,826,2,1090
7,470,3,477
543,103,3,646
253,930,5,1183
392,464,10,856
762,115,8,877
231,174,7,405
965,481,6,1446
505,619,6,1124
875,45,9,920
43,640,3,683
30,444,2,474
507,976,10,1483
121,290,10,411
257,69,6,326
868,414,2,1282
78,783,10,861
346,883,6,1229
309,32,4,341
55,171,4,226
335,519,9,854
980,310,4,1290
806,215,10,1021
678,508,6,1186
536,709,8,1245
920,724,6,1644
959,696,3,1655
58,213,1,271
448,339,5,787
81,727,7,808
918,422,10,1340
812,144,3,956
278,620,10,898
888,874,10,1762
695,132,9,827
616,267,8,883
156,349,1,505
635,986,2,1621
598,214,2,812
107,919,5,1026
622,768,1,1390
211,731,6,942
801,140,5,941
148,953,6,1101
746,846,9,1592
50,474,5,524
36,962,6,998
800,926,1,1726
181,267,7,448
128,520,4,648
755,479,4,1234
203,752,9,955
145,777,4,922
836,283,10,1119
279,213,3,492
544,835,8,1379
338,257,2,595
574,330,3,904
239,156,3,395
421,602,1,1023
435,663,10,1098
466,933,1,1399
693,918,3,1611
556,713,5,1269
27,520,4,547
732,574,8,1306
100,247,2,347
555,539,9,1094
859,827,9,1686
727,877,1,1604
154,462,1,616
580,408,8,988
838,454,8,1292
823,198,5,1021
479,547,7,1026
352,201,9,553
459,626,7,1085
61,201,1,262
935,196,1,1131
837,398,8,1235
642,590,7,1232
158,828,2,986
840,610,8,1450
42,61,5,103
385,322,3,707
451,288,10,739
339,71,2,410
375,571,8,946
646,218,10,864
495,904,10,1399
289,699,3,988
751,735,8,1486
606,161,1,767
753,29,9,782
175,225,9,400
437,451,8,888
373,697,8,1070
703,487,8,1190
28,442,9,470
14,153,3,167
465,234,2,699
999,986,2,1985
353,102,1,455
54,305,9,359
549,832,10,1381
107,865,9,972
694,334,9,1028
208,282,5,490
543,194,7,737
972,692,2,1664
829,331,6,1160
403,367,4,770
127,437,10,564
151,995,2,1146
224,221,5,445
517,300,6,817
125,182,2,307
179,24,8,203
281,859,5,1140
304,245,2,549
691,39,9,730
601,505,10,1106
67,303,9,370
953,889,5,1842
347,755,4,1102
480,684,2,1164
291,592,10,883
845,201,2,1046
286,926,10,1212
697,564,5,1261
514,841,6,1355
959,727,8,1686
595,904,6,1499
275,102,5,377
897,422,6,1319
925,249,2,1174
701,16,10,717
980,117,7,1097
179,277,1,456
564,506,3,1070
451,133,4,584
770,204,1,974
610,413,5,1023
173,111,7,284
261,970,3,1231
468,100,1,568
516,486,9,1002
893,275,2,1168
763,550,9,1313
651,539,2,1190
996,884,1,1880
352,424,1,776
620,115,1,735
398,477,4,875
33,520,10,553
267,25,4,292
478,870,1,1348
653,529,9,1182
579,626,5,1205
464,39,6,503
25,249,4,274
213,941,10,1154
711,69,5,780
762,639,10,1401
330,126,2,456
856,574,5,1430
916,512,8,1428
705,98,8,803
214,541,1,755
377,690,10,1067
583,225,4,808
761,983,4,1744
103,433,3,536
842,191,6,1033
839,324,4,1163
278,773,1,1051
686,275,10,961
423,452,1,875
997,693,8,1690
891,29,8,920
406,951,9,1357
102,574,9,676
844,317,7,1161
940,475,6,1415
568,662,9,1230
768,716,10,1484
428,704,3,1132
611,997,9,1608
497,983,1,1480
506,443,10,949
645,331,1,976
120,692,2,812
816,393,1,1209
105,852,5,957
410,411,8,821
590,111,10,701
86,366,1,452
308,620,4,928
269,731,7,1000
756,540,7,1296
410,742,8,1152
908,408,10,1316
901,36,1,937
706,250,8,956
285,255,1,540
579,320,3,899
504,619,8,1123
957,737,9,1694
20,639,7,659
516,459,4,975
2,644,2,646
398,98,3,496
455,842,2,1297
57,576,6,633
385,12,5,397
850,338,3,1188
287,194,8,481
311,773,4,1084
204,400,8,604
109,551,5,660
70,420,7,490
187,529,7,716
402,737,6,1139
622,420,10,1042
457,992,1,1449
192,344,8,536
134,88,8,222
325,209,1,534
718,158,7,876
359,598,6,957
740,449,1,1189
112,117,4,229
420,629,1,1049
358,116,4,474
215,152,7,367
48,716,7,764
579,977,2,1556
493,59,4,552
270,159,7,429
237,355,10,592
575,269,2,844
329,563,5,892
199,672,2,871
740,929,2,1669
31,889,5,920
352,101,7,453
808,791,5,1599
322,286,2,608
555,703,9,1258
312,354,8,666
627,388,8,1015
954,647,2,1601
959,743,10,1702
830,321,4,1151
576,798,1,1374
416,221,6,637
253,987,3,1240
17,458,3,475
268,500,9,768
240,649,2,889
340,288,7,628
216,472,8,688
264,51,8,315
130,942,7,1072
102,22,7,124
753,569,1,1322
143,66,10,209
748,958,10,1706
470,638,5,1108
272,403,2,675
996,202,7,1198
485,202,1,687
884,270,9,1154
113,56,10,169
839,793,8,1632
775,953,3,1728
454,0,2,454
288,844,8,1132
706,364,5,1070
619,242,10,861
166,453,8,619
30,984,4,1014
842,457,8,1299
836,926,4,1762
823,17,9,840
140,649,7,789
426,87,8,513
915,737,10,1652
869,448,7,1317
194,944,6,1138
118,937,9,1055
821,200,3,1021
83,398,7,481
184,905,3,1089
627,162,7,789
480,658,2,1138
250,917,10,1167
280,119,8,399
656,863,2,1519
171,574,7,745
536,52,9,588
870,115,10,985
307,435,6,742
507,370,1,877
928,397,2,1325
505,824,4,1329
96,69,3,165
17,651,9,668
647,839,8,1486
523,286,4,809
172,628,6,800
993,711,6,1704
597,206,6,803
120,363,2,483
584,235,5,819
872,986,6,1858
334,632,8,966
234,551,8,785
507,452,4,959
224,558,6,782
65,42,5,107
369,874,1,1243
124,19,1,143
684,677,3,1361
376,447,5,823
210,184,5,394
358,971,6,1329
401,594,2,995
867,561,10,1428
851,609,5,1460
358,179,7,537
900,308,4,1208
53,51,4,104
81,159,6,240
668,626,10,1294
486,332,4,818
556,193,5,749
935,994,6,1929
895,570,9,1465
692,669,3,1361
426,696,3,1122
98,701,6,799
973,159,9,1132
418,114,10,532
420,155,10,575
47,755,3,802
754,875,7,1629
445,306,6,751
239,493,5,732
721,360,8,1081
116,809,9,925
404,743,5,1147
458,831,1,1289
29,674,5,703
405,299,6,704
611,242,3,853
144,271,5,415
156,695,6,851
352,121,7,473
341,560,4,901
919,232,1,1151
395,930,3,1325
943,278,2,1221
191,341,6,532
952,535,5,1487
34,982,3,1016
713,266,7,979
77,452,5,529
482,385,7,867
235,233,1,468
229,181,1,410
400,201,2,601
109,658,1,767
565,664,3,1229
406,13,8,419
47,17,5,64
666,980,7,1646
237,559,8,796
554,710,10,1264
982,638,1,1620
5,843,5,848
979,104,10,1083
172,993,6,1165
789,5,2,794
553,266,7,819
79,977,9,1056
986,11,8,997
398,477,4,875
879,48,1,927
370,415,1,785
590,11,2,601
545,776,9,1321
79,365,4,444
734,829,2,1563
840,302,2,1142
295,188,5,483
439,344,10,783
595,525,1,1120
88,514,6,602
790,44,1,834
229,34,2,263
526,621,5,1147
193,859,1,1052
246,382,3,628
449,20,8,469
65,40,6,105
932,356,2,1288
418,93,4,511
256,473,7,729
511,101,1,612
929,536,10,1465
93,97,8,190
962,621,1,1583
311,760,5,1071
381,6,4,387
79,357,3,436
39,70,8,109
11,403,10,414
401,723,3,1124
787,508,5,1295
75,149,2,224
503,848,2,1351
311,234,7,545
575,223,10,798
598,880,9,1478
294,2,1,296
947,565,4,1512
188,772,7,960
420,812,2,1232
733,87,7,820
112,633,4,745
967,898,9,1865
923,294,1,1217
152,439,2,591
978,646,2,1624
537,656,7,1193
645,570,3,1215
276,683,9,959
789,284,6,1073
151,91,4,242
445,721,9,1166
71,671,6,742
206,119,3,325
144,66,8,210
207,909,3,1116
378,145,6,523
213,855,2,1068
887,343,3,1230
440,277,9,717
608,856,10,1464
649,261,4,910
31,266,1,297
718,994,9,1712
264,783,1,1047
905,435,4,1340
880,347,8,1227
993,597,1,1590
570,303,1,873
536,960,9,1496
358,800,9,1158
226,751,2,977
328,401,2,729
336,38,1,374
770,39,9,809
889,172,4,1061
666,848,10,1514
40,843,7,883
139,15,2,154
771,247,8,1018
482,409,8,891
548,290,2,838
698,641,3,1339
375,965,5,1340
152,749,10,901
100,774,9,874
169,545,8,714
905,438,2,1343
86,206,2,292
482,722,3,1204
980,742,10,1722
463,978,8,1441
818,21,4,839
596,393,4,989
588,554,6,1142
405,220,10,625
898,70,9,968
94,830,2,924
27,871,10,898
589,79,8,668
221,117,1,338
863,797,7,1660
742,44,3,786
212,134,4,346
270,103,10,373
51,988,9,1039
163,351,4,514
817,580,4,1397
227,263,6,490
307,389,5,696
942,799,9,1741
770,22,8,792
812,284,2,1096
479,766,7,1245
265,439,4,704
551,943,8,1494
127,384,5,511
261,827,8,1088
825,6,4,831
44,904,8,948
934,526,8,1460
639,604,10,1243
438,178,10,616
651,685,3,1336
759,835,5,1594
554,585,1,1139
554,271,8,825
938,951,3,1889
755,435,6,1190
474,375,9,849
441,345,1,786
935,304,8,1239
98,729,9,827
723,161,4,884
225,884,10,1109
204,410,5,614
955,424,7,1379
594,456,7,1050
563,801,2,1364
997,645,3,1642
409,244,4,653
598,288,6,886
939,20,1,959
526,344,3,870
148,722,5,870
553,306,8,859
911,298,2,1209
62,962,7,1024
902,613,8,1515
277,935,4,1212
495,227,10,722
636,827,1,1463
227,959,10,1186
344,661,4,1005
134,527,2,661
505,563,3,1068
710,310,4,1020
392,2,10,394
316,204,6,520
151,68,8,219
457,677,6,1134
981,907,1,1888
649,328,10,977
535,464,6,999
664,655,8,1319
69,337,6,406
418,626,2,1044
896,264,9,1160
578,798,9,1376
969,277,6,1246
98,688,8,786
334,976,6,1310
869,650,1,1519
1,143,10,144
398,254,6,652
362,537,9,899
475,473,5,948
118,507,8,625
707,910,1,1617
725,764,10,1489
691,792,1,1483
854,99,7,953
870,730,1,1600
362,688,8,1050
462,193,5,655
649,361,5,1010
53,77,8,130
805,345,4,1150
457,736,7,1193
289,128,3,417
528,914,9,1442
807,498,9,1305
268,182,2,450
270,166,9,436
788,285,9,1073
682,459,8,1141
421,154,9,575
372,581,2,953
345,489,4,834
60,225,7,285
411,703,4,1114
900,652,2,1552
924,889,7,1813
15,65,1,80
175,332,3,507
569,187,3,756
500,579,9,1079
360,251,5,611
294,530,1,824
658,399,1,1057
56,54,8,110
739,395,10,1134
66,958,6,1024
888,977,1,1865
493,486,2,979
309,74,6,383
889,378,3,1267
977,549,4,1526
377,281,10,658
972,877,2,1849
876,633,9,1509
267,62,9,329
347,117,3,464
160,940,5,1100
228,448,2,676
946,536,1,1482
768,856,6,1624
7,942,2,949
206,407,9,613
172,693,10,865
43,439,6,482
541,229,7,770
775,446,10,1221
509,668,9,1177
717,700,1,1417
442,237,8,679
336,577,8,913
138,574,6,712
187,445,9,632
658,583,9,1241
890,587,1,1477
319,740,10,1059
699,987,10,1686
666,407,7,1073
101,172,6,273
606,667,6,1273
433,548,8,981
899,394,4,1293
705,420,9,1125
379,383,9,762
700,141,1,841
709,393,7,1102
436,870,4,1306
745,644,10,1389
285,581,10,866
465,856,9,1321
220,619,4,839
246,7,5,253
740,19,1,759
36,715,9,751
944,499,10,1443
734,418,9,1152
186,600,1,786
936,756,4,1692
90,102,10,192
907,602,4,1509
126,798,8,924
858,99,8,957
77,256,3,333
366,816,1,1182
335,808,4,1143
867,183,4,1050
414,257,4,671
660,753,1,1413
123,621,9,744
242,635,3,877
430,679,5,1109
108,471,9,579
204,26,1,230
276,915,6,1191
589,165,1,754
421,619,4,1040
518,49,3,567
457,4,2,461
895,817,8,1712
655,561,1,1216
403,398,4,801
248,132,9,380
440,490,2,930
644,147,4,791
104,90,8,194
650,729,6,1379
324,135,10,459
665,816,7,1481
783,604,3,1387
215,599,8,814
546,293,5,839
686,103,6,789
772,438,2,1210
350,73,9,423
54,347,6,401
607,943,6,1550
799,369,1,1168
428,831,6,1259
605,524,4,1129
188,191,3,379
341,743,1,1084
855,825,6,1680
864,849,7,1713
597,173,2,770
202,452,10,654
878,830,6,1708
597,507,6,1104
366,987,10,1353
84,809,2,893
865,443,9,1308
397,340,2,737
28,853,2,881
558,911,4,1469
1,901,1,902
901,159,3,1060
10,11,10,21
94,592,8,686
746,236,6,982
594,321,7,915
931,963,2,1894
292,510,2,802
605,648,4,1253
828,450,2,1278
448,837,1,1285
440,358,4,798
602,39,5,641
918,444,3,1362
395,594,3,989
304,648,5,952
981,774,10,1755
997,652,8,1649
992,665,1,1657
916,181,3,1097
915,718,2,1633
91,140,8,231
921,740,3,1661
492,285,10,777
864,84,5,948
781,206,4,987
935,687,5,1622
563,331,2,894
179,760,2,939
491,760,1,1251
804,22,1,826
238,932,10,1170
106,32,4,138
727,685,5,1412
88,813,1,901
373,248,1,621
84,697,8,781
541,486,3,1027
663,57,8,720
147,747,9,894
989,690,9,1679
921,940,7,1861
539,60,5,599
355,699,7,1054
710,150,9,860
255,986,5,1241
621,789,8,1410
502,447,3,949
641,853,2,1494
923,474,9,1397
753,482,2,1235
168,145,8,313
344,125,6,469
458,289,2,747
834,685,10,1519
325,263,4,588
186,509,1,695
487,857,9,1344
73,148,5,221
612,473,8,1085
215,687,1,902
126,298,2,424
535,546,9,1081
180,664,6,844
424,444,6,868
885,551,4,1436
44,379,4,423
269,317,4,586
545,149,5,694
426,211,1,637
991,206,1,1197
765,262,4,1027
753,711,10,1464
840,546,5,1386
830,209,3,1039
925,818,8,1743
249,188,6,437
742,935,7,1677
415,587,9,1002
582,20,6,602
57,856,1,913
659,566,9,1225
171,741,3,912
678,542,9,1220
55,271,3,326
457,457,4,914
803,999,9,1802
945,558,7,1503
955,951,6,1906
465,284,6,749
134,518,9,652
167,677,5,844
301,7,1,308
782,518,1,1300
987,112,1,1099
762,258,9,1020
775,543,5,1318
972,976,6,1948
248,314,7,562
411,403,8,814
724,422,5,1146
656,249,7,905
516,974,9,1490
180,377,3,557
422,237,3,659
771,672,1,1443
225,872,1,1097
686,847,5,1533
250,311,4,561
533,912,1,1445
28,56,9,84
425,51,4,476
795,820,1,1615
259,982,4,1241
997,800,3,1797
35,286,5,321
445,636,5,1081
30,545,8,575
971,139,7,1110
999,199,9,1198
61,363,1,424
378,15,10,393
699,991,2,1690
691,568,5,1259
585,176,7,761
6,168,6,174
494,663,5,1157
698,759,10,1457
891,638,8,1529
509,762,8,1271
12,79,10,91
577,146,1,723
670,453,5,1123
77,170,10,247
476,55,6,531
271,81,6,352
443,830,3,1273
171,57,4,228
599,138,9,737
460,568,8,1028
847,157,9,1004
148,670,8,818
945,585,1,1530
730,440,5,1170
993,524,10,1517
661,509,1,1170
886,813,9,1699
645,859,6,1504
37,357,10,394
295,196,3,491
825,109,8,934
101,209,1,310
166,894,3,1060
650,64,10,714
483,71,4,554
475,211,1,686
169,715,2,884
61,737,10,798
144,207,7,351
670,434,1,1104
203,16,8,219
522,424,8,946
235,606,9,841
182,413,9,595
91,580,10,671
344,393,10,737
313,580,5,893
423,971,8,1394
561,573,7,1134
112,907,2,1019
504,507,1,1011
706,981,6,1687
2,878,2,880
29,648,9,677
298,920,8,1218
968,469,3,1437
267,733,3,1000
267,932,8,1199
836,808,4,1644
76,978,4,1054
352,505,8,857
647,668,5,1315
78,466,7,544
529,846,10,1375
461,681,1,1142
249,279,10,528
411,780,8,1191
301,261,4,562
301,766,5,1067
658,888,7,1546
573,130,4,703
703,971,8,1674
629,229,2,858
122,11,4,133
571,792,2,1363
157,935,4,1092
840,986,10,1826
602,106,9,708
943,838,5,1781
143,333,7,476
456,501,4,957
883,759,4,1642
526,880,10,1406
956,128,6,1084
829,94,5,923
185,554,3,739
876,863,7,1739
127,108,8,235
544,276,9,820
59,415,4,474
626,436,8,1062
126,236,8,362
482,35,6,517
107,45,6,152
610,988,8,1598
26,846,9,872
165,578,2,743
848,498,6,1346
907,664,5,1571
770,391,8,1161
18,470,5,488
350,612,6,962
237,778,7,1015
542,218,3,760
736,600,9,1336
630,449,5,1079
698,477,7,1175
971,448,5,1419
243,841,10,1084
174,413,7,587
880,536,10,1416
22,625,2,647
341,555,10,896
687,305,10,992
819,908,4,1727
774,981,10,1755
395,878,3,1273
973,23,4,996
567,105,3,672
840,707,5,1547
199,898,4,1097
873,387,5,1260
582,538,3,1120
231,269,5,500
473,453,6,926
591,48,5,639
409,363,4,772
589,519,2,1108
530,516,7,1046
67,691,9,758
54,610,3,664
313,960,3,1273
451,854,4,1305
686,729,7,1415
789,279,9,1068
398,3,5,401
647,841,5,1488
610,30,10,640
486,766,7,1252
778,926,5,1704
411,599,8,1010
319,280,9,599
112,646,2,758
640,380,10,1020
587,409,1,996
418,716,4,1134
833,881,1,1714
201,848,1,1049
156,446,4,602
339,664,5,1003
597,961,4,1558
704,66,8,770
461,97,8,558
784,658,2,1442
67,162,1,229
454,937,1,1391
107,476,4,583
597,179,5,776
364,112,7,476
216,398,4,614
430,789,8,1219
387,340,8,727
375,615,4,990
254,446,9,700
185,517,5,702
394,135,6,529
482,419,4,901
41,126,2,167
441,527,3,968
826,869,4,1695
587,487,4,1074
721,928,7,1649
359,830,9,1189
291,645,7,936
694,709,2,1403
504,969,10,1473
201,240,9,441
341,402,6,743
370,360,7,730
768,822,4,1590
94,256,8,350
846,626,5,1472
252,305,7,557
568,563,9,1131
507,173,8,680
151,160,3,311
133,918,4,1051
752,28,7,780
168,353,7,521
451,552,8,1003
158,601,5,759
357,771,8,1128
64,982,10,1046
514,157,5,671
339,574,5,913
336,652,8,988
566,612,2,1178
562,423,1,985
960,42,10,1002
440,713,6,1153
156,391,5,547
317,597,3,914
623,379,2,1002
256,971,1,1227
337,473,9,810
854,977,2,1831
219,801,10,1020
554,399,2,953
24,351,4,375
128,251,2,379
515,104,3,619
133,108,5,241
663,913,5,1576
903,57,7,960
899,849,5,1748
842,568,9,1410
834,777,1,1611
28,558,3,586
525,426,8,951
832,636,2,1468
150,204,2,354
946,474,3,1420
215,930,8,1145
455,67,10,522
76,990,9,1066
216,362,5,578
545,687,1,1232
527,358,3,885
838,673,10,1511
165,456,3,621
391,200,2,591
155,851,8,1006
465,522,6,987
34,504,8,538
649,509,5,1158
882,843,2,1725
157,939,3,1096
863,607,2,1470
326,608,6,934
493,715,3,1208
267,756,2,1023
943,642,5,1585
632,816,2,1448
63,213,6,276
250,397,5,647
433,406,4,839
190,351,2,541
608,87,3,695
12,569,1,581
663,204,9,867
30,248,3,278
36,178,5,214
995,330,4,1325
848,105,9,953
422,90,1,512
559,528,8,1087
237,773,9,1010
179,409,3,588
421,162,9,583
913,569,8,1482
614,411,8,1025
261,858,1,1119
873,161,3,1034
100,877,4,977
220,661,7,881
397,27,5,424
918,863,9,1781
827,639,6,1466
761,996,8,1757
863,807,7,1670
1,329,3,330
730,355,5,1085
230,464,10,694
903,178,3,1081
598,402,8,1000
232,854,10,1086
39,95,5,134
330,618,4,948
441,941,4,1382
261,593,5,854
533,192,1,725
6,37,4,43
247,452,3,699
723,12,10,735
336,200,5,536
245,565,5,810
655,103,6,758
670,44,3,714
324,186,10,510
25,950,9,975
496,958,4,1454
543,266,6,809
97,139,8,236
253,451,3,704
746,315,8,1061
89,11,6,100
534,145,8,679
826,674,8,1500
836,242,1,1078
941,910,8,1851
681,832,5,1513
992,700,9,1692
627,356,2,983
257,19,5,276
673,537,2,1210
265,390,10,655
857,107,6,964
73,569,7,642
298,899,5,1197
988,885,3,1873
259,261,2,520
393,967,3,1360
824,538,9,1362
313,529,4,842
550,220,3,770
811,388,5,1199
50,426,5,476
594,67,2,661
808,323,3,1131
2,438,1,440
25,774,5,799
627,453,2,1080
23,661,5,684
822,269,7,1091
693,439,9,1132
517,368,1,885
822,985,10,1807
87,307,7,394
252,357,3,609
508,48,8,556
778,487,10,1265
598,400,1,998
844,413,1,1257
876,777,7,1653
860,662,9,1522
375,359,2,734
448,315,4,763
859,242,2,1101
569,113,9,682
671,489,10,1160
171,101,7,272
642,641,8,1283
418,539,1,957
299,724,1,1023
203,731,6,934
717,421,5,1138
757,158,10,915
586,702,1,1288
324,664,4,988
749,71,2,820
547,111,10,658
798,52,9,850
436,88,3,524
641,410,4,1051
221,136,6,357
105,592,6,697
474,19,2,493
113,974,8,1087
13,204,3,217
913,889,5,1802
189,820,2,1009
366,816,2,1182
364,599,9,963
709,609,10,1318
559,207,9,766
679,842,8,1521
49,198,9,247
193,918,7,1111
627,521,5,1148
201,286,7,487
413,352,10,765
347,826,10,1173
812,665,1,1477
89,828,10,917
198,521,4,719
21,545,7,566
106,131,10,237
178,143,5,321
333,760,10,1093
989,517,4,1506
962,393,1,1355
290,516,1,806
830,174,2,1004
901,73,1,974
988,737,5,1725
150,413,4,563
624,496,3,1120
867,130,8,997
774,70,2,844
713,94,9,807
279,164,7,443
447,665,2,1112
265,559,3,824
809,664,9,1473
316,894,4,1210
363,874,1,1237
131,23,4,154
674,105,5,779
190,979,10,1169
787,395,7,1182
957,255,9,1212
362,791,3,1153
995,64,2,1059
721,127,2,848
82,851,8,933
431,550,7,981
272,663,9,935
367,91,3,458
447,381,8,828
750,639,6,1389
45,528,2,573
385,93,6,478
154,781,6,935
980,225,5,1205
741,748,8,1489
272,119,1,391
855,597,3,1452
202,107,5,309
51,119,4,170
220,632,4,852
141,331,9,472
184,794,3,978
211,855,9,1066
339,713,9,1052
918,539,5,1457
938,170,7,1108
446,606,8,1052
195,201,10,396
907,968,5,1875
621,814,5,1435
534,204,2,738
285,483,4,768
342,284,1,626
607,569,3,1176
113,123,6,236
803,413,5,1216
158,111,10,269
368,379,8,747
163,500,5,663
848,48,1,896
550,849,6,1399
913,164,2,1077
140,281,9,421
678,315,6,993
780,359,7,1139
26,804,1,830
900,34,1,934
27,384,10,411
888,660,10,1548
225,132,3,357
941,40,10,981
291,569,3,860
214,320,7,534
475,766,6,1241
834,42,5,876
58,36,7,94
662,953,2,1615
879,555,4,1434
14,139,5,153
535,1,10,536
498,372,6,870
815,568,1,1383
295,313,3,608
764,852,4,1616
58,63,3,121
7,489,8,496
951,13,9,964
942,201,4,1143
223,904,2,1127
186,114,2,300
646,26,10,672
559,906,10,1465
456,875,4,1331
696,971,1,1667
597,541,8,1138
231,596,2,827
829,117,10,946
230,962,6,1192
412,560,8,972
665,978,10,1643
161,664,4,825
1,254,5,255
688,70,3,758
661,888,4,1549
773,47,5,820
150,969,7,1119
386,923,4,1309
105,29,5,134
717,182,9,899
518,177,9,695
456,260,8,716
750,35,9,785
419,489,4,908
361,29,10,390
916,403,1,1319
817,892,7,1709
152,906,10,1058
31,226,7,257
984,772,8,1756
663,874,9,1537
146,358,7,504
695,999,8,1694
807,881,9,1688
27,980,9,1007
508,704,10,1212
352,527,2,879
886,958,10,1844
9,508,7,517
548,14,5,562
638,215,3,853
971,143,3,1114
412,797,4,1209
201,242,9,443
508,834,6,1342
225,189,6,414
987,866,3,1853
289,727,6,1016
523,785,3,1308
187,585,9,772
965,721,4,1686
119,69,5,188
454,795,9,1249
632,129,4,761
354,833,6,1187
108,932,6,1040
257,864,4,1121
854,904,4,1758
489,447,8,936
203,206,5,409
753,2,7,755
479,702,5,1181
421,390,6,811
814,380,3,1194
115,447,1,562
553,388,9,941
868,770,4,1638
305,409,4,714
230,934,8,1164
596,651,5,1247
52,43,9,95
445,775,7,1220
769,799,7,1568
470,424,8,894
700,592,5,1292
886,469,5,1355
728,310,6,1038
721,699,3,1420
344,408,6,752
301,968,4,1269
192,649,1,841
922,292,10,1214
636,318,7,954
717,861,10,1578
656,281,9,937
898,801,9,1699
153,255,5,408
756,897,1,1653
482,844,6,1326
442,796,8,1238
240,497,2,737
29,295,10,324
289,994,6,1283
652,152,10,804
622,234,6,856
161,41,5,202
485,874,1,1359
362,43,7,405
998,604,6,1602
727,934,7,1661
174,217,10,391
320,403,10,723
422,253,4,675
793,553,1,1346
303,937,8,1240
208,509,10,717
824,874,6,1698
362,653,2,1015
340,107,4,447
36,939,9,975
568,787,1,1355
174,317,6,491
726,749,8,1475
690,707,9,1397
53,340,6,393
620,116,2,736
572,394,9,966
899,219,9,1118
681,78,9,759
815,724,5,1539
273,332,7,605
78,123,5,201
418,468,7,886
139,796,4,935
544,938,2,1482
504,64,3,568
448,663,5,1111
514,181,2,695
699,455,2,1154
939,397,9,1336
822,209,4,1031
728,736,3,1464
657,104,4,761
855,291,5,1146
962,237,3,1199
523,157,7,680
660,559,10,1219
961,85,8,1046
17,939,9,956
901,773,5,1674
805,17,6,822
3,257,7,260
425,796,3,1221
781,557,5,1338
327,271,9,598
367,761,4,1128
455,223,1,678
79,846,2,925
766,779,4,1545
406,359,9,765
112,949,4,1061
309,80,2,389
282,628,7,910
441,947,4,1388
169,294,8,463
482,331,8,813
82,58,9,140
236,99,3,335
723,956,2,1679
123,730,9,853
755,890,3,1645
247,10,1,257
638,877,10,1515
22,954,7,976
147,407,9,554
237,985,7,1222
350,227,3,577
209,295,2,504
324,940,1,1264
113,365,7,478
536,186,4,722
87,799,4,886
272,38,6,310
635,434,10,1069
221,254,5,475
436,894,10,1330
526,716,5,1242
996,414,6,1410
680,195,8,875
490,51,6,541
374,963,10,1337
446,466,6,912
90,377,4,467
12,422,5,434
172,780,3,952
689,965,3,1654
519,301,4,820
395,836,5,1231
884,768,1,1652
764,794,8,1558
651,391,10,1042
109,289,8,398
394,19,5,413
829,546,3,1375
167,140,1,307
597,464,1,1061
604,966,7,1570
948,474,10,1422
995,417,1,1412
756,419,2,1175
662,875,5,1537
324,720,5,1044
716,467,8,1183
876,352,8,1228
897,379,10,1276
409,429,4,838
965,279,3,1244
687,92,1,779
519,469,6,988
799,845,10,1644
111,390,4,501
522,304,3,826
212,214,2,426
758,836,2,1594
348,4,4,352
178,694,10,872
729,898,3,1627
927,978,5,1905
361,154,10,515
418,378,6,796
574,335,10,909
0,566,3,566
422,607,9,1029
240,985,2,1225
931,409,10,1340
48,598,9,646
67,253,5,320
631,116,2,747
752,476,5,1228
384,717,8,1101
891,389,9,1280
83,663,5,746
199,216,9,415
951,449,1,1400
393,143,10,536
167,20,10,187
181,935,1,1116
350,803,6,1153
535,479,1,1014
134,375,7,509
879,587,4,1466
101,428,9,529
506,154,9,660
936,285,7,1221
747,547,1,1294
309,690,2,999
198,983,5,1181
555,897,2,1452
664,294,1,958
486,371,5,857
291,677,5,968
782,313,4,1095
462,344,2,806
600,134,6,734
162,150,5,312
681,191,3,872
42,309,9,351
548,883,9,1431
35,641,6,676
594,499,5,1093
202,419,7,621
214,227,2,441
94,293,4,387
46,968,3,1014
754,181,6,935
379,818,10,1197
447,614,10,1061
717,158,7,875
19,647,7,666
603,788,10,1391
289,138,5,427
448,396,5,844
891,340,3,1231
750,150,2,900
853,481,4,1334
862,395,9,1257
894,253,6,1147
971,271,3,1242
161,180,5,341
824,5,7,829
325,214,5,539
279,746,7,1025
793,678,5,1471
646,801,2,1447
394,118,3,512
786,612,3,1398
592,372,5,964
423,753,5,1176
570,135,6,705
480,654,1,1134
186,831,2,1017
28,159,9,187
510,957,7,1467
294,882,8,1176
854,180,8,1034
542,499,10,1041
197,373,6,570
826,527,1,1353
792,833,10,1625
979,139,6,1118
482,445,4,927
815,700,2,1515
326,330,5,656
865,417,3,1282
961,730,6,1691
170,682,6,852
253,134,7,387
34,53,3,87
174,513,9,687
442,157,7,599
142,800,10,942
667,307,1,974
818,593,1,1411
718,263,6,981
342,754,1,1096
568,295,8,863
962,929,1,1891
119,303,10,422
704,775,1,1479
441,199,10,640
870,733,1,1603
662,331,1,993
697,563,1,1260
711,970,1,1681
566,733,6,1299
850,390,6,1240
481,309,4,790
852,220,10,1072
76,800,8,876
128,250,5,378
163,507,4,670
504,161,4,665
169,867,2,1036
492,0,4,492
758,957,10,1715
636,906,3,1542
901,158,10,1059
911,654,7,1565
64,323,9,387
153,981,2,1134
997,75,2,1072
506,642,7,1148
14,81,8,95
790,531,6,1321
588,260,7,848
362,406,3,768
466,201,3,667
495,349,4,844
79,898,7,977
356,38,5,394
554,451,8,1005
663,155,3,818
357,77,5,434
556,419,1,975
52,348,2,400
778,466,9,1244
144,606,4,750
443,574,1,1017
681,708,6,1389
348,575,1,923
855,180,5,1035
584,427,10,1011
297,441,10,738
148,702,4,850
415,895,6,1310
573,919,7,1492
666,925,1,1591
768,336,4,1104
452,432,2,884
533,419,3,952
928,188,8,1116
896,911,7,1807
99,174,7,273
640,39,8,679
532,533,7,1065
732,30,7,762
798,354,2,1152
513,931,4,1444
604,171,10,775
847,739,2,1586
261,664,1,925
800,247,4,1047
664,666,7,1330
83,85,5,168
775,392,3,1167
444,829,6,1273
190,929,9,1119
621,909,3,1530
369,132,1,501
721,980,7,1701
310,386,10,696
624,440,7,1064
827,440,6,1267
410,3,9,413
666,326,2,992
123,431,10,554
50,370,6,420
190,134,9,324
681,64,7,745
86,438,2,524
364,217,4,581
483,579,6,1062
32,90,2,122
328,589,2,917
442,314,2,756
359,817,7,1176
961,344,1,1305
123,313,3,436
858,511,4,1369
444,660,2,1104
454,994,10,1448
894,873,8,1767
119,803,8,922
9,246,7,255
37,509,5,546
136,337,4,473
465,949,5,1414
147,766,3,913
241,820,5,1061
62,841,1,903
357,996,6,1353
649,168,8,817
61,774,8,835
705,72,1,777
914,162,7,1076
840,282,6,1122
841,372,5,1213
650,923,5,1573
975,918,6,1893
245,436,8,681
555,321,7,876
986,151,7,1137
849,71,1,920
857,974,5,1831
326,756,5,1082
799,646,4,1445
11,371,5,382
459,549,8,1008
907,962,3,1869
505,735,8,1240
555,888,3,1443
503,83,3,586
233,955,1,1188
317,466,9,783
302,916,4,1218
266,271,9,537
986,355,2,1341
885,216,10,1101
63,621,9,684
996,311,2,1307
732,928,4,1660
919,601,3,1520
184,803,4,987
87,309,9,396
727,439,8,1166
147,459,2,606
878,857,1,1735
836,179,5,1015
550,427,3,977
861,105,5,966
722,425,1,1147
155,547,7,702
470,366,6,836
525,157,2,682
290,734,3,1024
278,417,9,695
869,434,5,1303
582,804,5,1386
165,564,6,729
655,568,7,1223
277,851,4,1128
830,844,3,1674
759,400,1,1159
234,353,3,587
34,278,4,312
977,44,2,1021
717,73,8,790
560,399,8,959
330,861,3,1191
173,937,10,1110
755,548,5,1303
872,947,4,1819
950,955,9,1905
884,852,8,1736
768,530,4,1298
420,68,9,488
197,280,8,477
185,295,4,480
392,51,4,443
957,848,1,1805
536,802,3,1338
6,741,8,747
147,687,8,834
749,28,9,777
512,970,4,1482
835,129,3,964
55,241,5,296
150,640,4,790
484,605,10,1089
624,985,5,1609
632,928,3,1560
299,123,5,422
810,676,2,1486
494,955,5,1449
708,308,2,1016
744,311,8,1055
128,351,9,479
342,92,5,434
183,764,5,947
271,397,8,668
107,833,10,940
760,465,3,1225
73,913,1,986
782,761,1,1543
760,543,4,1303
709,149,2,858
530,622,2,1152
41,199,3,240
521,103,3,624
691,116,7,807
999,83,4,1082
177,657,1,834
627,382,8,1009
520,847,6,1367
993,632,5,1625
583,781,7,1364
96,286,4,382
278,951,2,1229
856,32,9,888
286,426,10,712
462,769,8,1231
445,915,10,1360
747,958,5,1705
823,443,9,1266
167,828,9,995
546,119,2,665
782,649,9,1431
105,0,3,105
613,610,7,1223
356,852,8,1208
830,145,2,975
10,829,6,839
864,207,2,1071
454,229,1,683
80,914,9,994
622,932,6,1554
854,51,8,905
0,160,2,160
691,943,5,1634
55,804,3,859
826,532,9,1358
55,901,9,956
794,143,3,937
37,837,1,874
320,211,7,531
241,900,9,1141
741,42,4,783
371,72,8,443
63,896,7,959
772,812,6,1584
365,189,10,554
515,558,3,1073
148,44,2,192
374,237,3,611
720,801,9,1521
303,558,4,861
243,565,3,808
772,744,5,1516
252,63,2,315
309,630,4,939
900,240,9,1140
766,672,6,1438
921,588,9,1509
858,487,8,1345
249,295,5,544
999,882,4,1881
999,884,10,1883
17,70,7,87
139,522,1,661
436,848,4,1284
143,147,7,290
466,675,4,1141
458,14,4,472
944,272,7,1216
443,482,9,925
91,132,6,223
406,35,1,441
630,359,10,989
757,195,7,952
755,265,2,1020
981,63,1,1044
653,50,7,703
831,973,2,1804
826,901,8,1727
115,588,10,703
264,54,4,318
262,922,1,1184
437,168,10,605
134,416,2,550
105,712,6,817
491,143,6,634
500,805,9,1305
928,648,9,1576
215,155,8,370
542,43,6,585
139,458,6,597
891,389,8,1280
918,303,7,1221
529,391,5,920
748,922,7,1670
375,699,7,1074
843,944,9,1787
325,349,4,674
732,675,5,1407
756,212,2,968
141,832,6,973
682,428,7,1110
61,943,10,1004
636,507,4,1143
901,261,10,1162
499,267,7,766
991,930,3,1921
481,887,8,1368
215,900,6,1115
231,829,6,1060
188,237,1,425
86,254,4,340
353,319,3,672
85,52,10,137
873,593,8,1466
264,676,9,940
892,768,6,1660
700,241,3,941
470,828,5,1298
776,124,8,900
872,895,3,1767
179,63,9,242
5,554,3,559
931,726,6,1657
831,718,7,1549
79,697,7,776
582,199,6,781
251,926,4,1177
958,22,9,980
226,550,10,776
387,379,2,766
6,313,6,319
807,666,7,1473
350,482,1,832
737,877,8,1614
205,969,8,1174
160,877,2,1037
91,501,9,592
252,972,5,1224
786,906,10,1692
441,125,8,566
264,313,8,577
644,40,4,684
740,867,5,1607
738,379,6,1117
53,996,1,1049
91,818,5,909
740,723,8,1463
984,35,4,1019
495,248,1,743
775,196,2,971
873,31,7,904
612,0,3,612
769,122,1,891
284,554,4,838
286,741,3,1027
56,485,7,541
321,866,1,1187
258,93,5,351
322,577,10,899
150,750,6,900
166,824,2,990
708,753,2,1461
430,897,10,1327
705,996,6,1701
195,763,1,958
799,621,7,1420
930,26,1,956
357,787,7,1144
896,156,1,1052
435,22,7,457
64,743,2,807
234,577,4,811
307,504,2,811
713,909,6,1622
571,517,10,1088
335,63,5,398
398,190,7,588
531,863,10,1394
317,169,7,486
857,179,3,1036
186,801,6,987
162,789,10,951
269,351,3,620
291,905,1,1196
440,342,6,782
978,495,6,1473
622,314,5,936
200,360,6,560
195,243,1,438
46,540,2,586
116,455,8,571
182,705,2,887
190,55,3,245
312,78,3,390
517,315,2,832
178,322,9,500
77,487,4,564
733,601,2,1334
453,715,4,1168
724,882,4,1606
161,88,7,249
664,126,3,790
435,611,10,1046
939,483,5,1422
508,209,10,717
459,500,5,959
62,961,10,1023
57,537,3,594
667,132,10,799
725,44,9,769
114,238,4,352
173,621,8,794
941,89,9,1030
362,182,2,544
303,632,2,935
393,921,5,1314
106,249,4,355
9,989,2,998
678,473,1,1151
451,187,9,638
293,801,9,1094
240,707,2,947
400,216,2,616
820,427,5,1247
521,480,4,1001
174,280,1,454
690,74,5,764
699,25,7,724
296,383,8,679
620,463,6,1083
968,67,4,1035
613,703,3,1316
669,752,2,1421
159,769,9,928
642,844,2,1486
785,813,10,1598
151,719,4,870
696,765,3,1461
3,376,5,379
809,62,2,871
721,426,10,1147
180,990,1,1170
652,749,10,1401
365,501,5,866
500,69,4,569
538,547,8,1085
400,499,10,899
978,697,5,1675
744,856,1,1600
865,558,5,1423
796,690,3,1486
238,813,10,1051
463,939,9,1402
740,996,3,1736
386,887,3,1273
183,506,10,689
634,318,10,952
917,883,4,1800
595,473,8,1068
79,622,7,701
264,89,5,353
567,92,4,659
668,773,4,1441
977,241,4,1218
84,923,9,1007
386,975,10,1361
665,432,3,1097
121,925,4,1046
654,635,4,1289
461,288,6,749
276,796,10,1072
908,506,3,1414
879,997,10,1876
690,978,5,1668
684,573,2,1257
357,177,6,534
486,14,10,500
571,91,8,662
681,923,10,1604
403,653,2,1056
430,220,1,650
102,664,9,766
7,353,4,360
50,364,3,414
611,460,3,1071
923,788,4,1711
763,206,7,969
24,408,5,432
175,45,4,220
278,65,9,343
353,28,5,381
598,398,6,996
698,120,10,818
389,978,5,1367
275,69,9,344
264,219,4,483
810,849,9,1659
459,785,6,1244
300,101,9,401
716,38,2,754
225,180,3,405
280,153,10,433
303,587,5,890
698,905,9,1603
815,661,1,1476
554,179,5,733
165,380,3,545
978,939,8,1917
507,555,6,1062
533,272,1,805
694,528,2,1222
813,991,9,1804
950,409,3,1359
43,8,4,51
354,587,1,941
764,817,1,1581
870,644,1,1514
118,892,10,1010
164,65,1,229
684,892,1,1576
674,595,4,1269
55,636,6,691
253,545,2,798
429,583,4,1012
805,406,5,1211
649,477,1,1126
938,34,10,972
408,212,3,620
912,499,7,1411
526,401,2,927
497,562,5,1059
528,306,4,834
848,739,1,1587
130,709,6,839
70,178,8,248
84,262,4,346
17,610,9,627
457,374,8,831
387,214,6,601
375,212,1,587
701,180,9,881
335,894,8,1229
93,771,9,864
346,562,9,908
536,713,10,1249
574,201,5,775
808,62,1,870
53,3,5,56
82,611,4,693
542,555,7,1097
767,307,5,1074
958,171,2,1129
255,611,6,866
80,202,7,282
696,252,1,948
475,872,2,1347
719,32,8,751
536,699,6,1235
973,338,10,1311
789,414,8,1203
794,298,8,1092
497,381,6,878
129,498,6,627
199,498,5,697
604,206,6,810
282,746,10,1028
698,428,5,1126
631,35,6,666
927,147,1,1074
876,845,10,1721
441,243,6,684
734,766,6,1500
750,927,10,1677
736,433,4,1169
716,601,7,1317
202,717,1,919
966,192,3,1158
16,601,3,617
359,41,10,400
30,696,6,726
412,890,5,1302
142,650,8,792
694,161,8,855
886,851,8,1737
804,869,5,1673
438,633,4,1071
644,385,8,1029
940,225,3,1165
983,311,10,1294
318,757,7,1075
615,10,4,625
492,356,9,848
686,189,9,875
368,743,3,1111
796,616,10,1412
579,405,2,984
135,344,7,479
778,918,3,1696
152,440,9,592
396,837,6,1233
311,879,10,1190
927,432,9,1359
416,657,7,1073
803,647,10,1450
496,885,7,1381
937,324,7,1261
248,70,2,318
889,367,7,1256
813,638,5,1451
165,704,6,869
228,964,8,1192
339,112,6,451
101,33,4,134
991,563,5,1554
465,26,10,491
517,834,10,1351
796,721,3,1517
128,473,9,601
344,115,1,459
969,831,4,1800
147,821,4,968
606,723,9,1329
422,788,6,1210
964,141,10,1105
319,182,7,501
917,434,6,1351
487,250,4,737
55,341,6,396
967,76,7,1043
326,898,1,1224
728,240,4,968
92,13,7,105
517,694,4,1211
169,640,1,809
869,830,6,1699
573,968,10,1541
839,416,9,1255
486,140,3,626
561,735,8,1296
166,918,2,1084
413,765,8,1178
246,282,10,528
180,110,10,290
455,370,7,825
164,502,10,666
696,910,3,1606
5,731,8,736
841,367,4,1208
814,868,8,1682
201,384,1,585
492,248,4,740
643,145,6,788
9,843,5,852
622,304,6,926
260,176,8,436
702,232,5,934
548,600,3,1148
272,904,6,1176
639,621,8,1260
217,539,4,756
289,624,1,913
503,120,4,623
218,401,6,619
261,794,8,1055
954,328,1,1282
638,98,6,736
188,620,9,808
59,784,2,843
507,620,7,1127
991,177,6,1168
632,688,10,1320
713,894,9,1607
846,935,6,1781
308,396,2,704
939,959,9,1898
572,62,3,634
86,651,6,737
987,529,10,1516
212,647,4,859
891,814,7,1705
704,203,1,907
554,955,1,1509
860,870,6,1730
456,170,1,626
201,650,3,851
236,745,3,981
985,87,1,1072
678,286,8,964
812,695,9,1507
970,821,10,1791
873,975,1,1848
456,82,2,538
515,222,5,737
932,416,8,1348
62,335,7,397
153,113,9,266
754,562,5,1316
681,245,3,926
198,812,1,1010
578,912,7,1490
501,886,8,1387
482,643,6,1125
379,352,2,731
874,710,1,1584
572,434,3,1006
896,985,7,1881
347,431,10,778
81,162,9,243
707,236,6,943
466,585,3,1051
449,506,2,955
398,229,1,627
513,894,5,1407
815,911,2,1726
160,640,5,800
574,156,7,730
758,900,8,1658
605,830,8,1435
769,951,7,1720
179,383,7,562
954,908,4,1862
785,977,4,1762
300,605,4,905
949,515,7,1464
59,433,8,492
784,518,8,1302
6,339,8,345
967,620,1,1587
689,389,7,1078
345,243,4,588
701,984,4,1685
569,77,8,646
680,135,4,815
761,731,1,1492
76,810,4,886
175,473,1,648
396,163,9,559
51,883,4,934
22,767,9,789
388,712,3,1100
101,492,7,593
733,689,2,1422
807,17,2,824
651,188,9,839
818,61,10,879
560,575,9,1135
294,818,4,1112
276,197,10,473
992,970,4,1962
204,622,1,826
883,295,7,1178
187,285,8,472
153,670,7,823
121,509,10,630
416,129,4,545
312,243,1,555
993,661,6,1654
131,794,5,925
313,784,10,1097
69,485,4,554
222,645,6,867
916,194,8,1110
356,614,10,970
816,858,8,1674
690,761,1,1451
402,752,10,1154
722,259,6,981
724,252,6,976
223,182,3,405
53,645,2,698
683,50,1,733
261,966,6,1227
970,929,2,1899
362,917,7,1279
5,930,10,935
13,797,6,810
476,669,6,1145
279,298,10,577
815,921,1,1736
309,997,1,1306
655,579,4,1234
503,8,5,511
683,940,6,1623
863,819,2,1682
432,931,3,1363
899,597,1,1496
209,925,1,1134
869,271,4,1140
482,70,5,552
211,220,9,431
167,478,6,645
722,622,7,1344
156,276,6,432
591,755,4,1346
962,231,6,1193
101,693,9,794
733,639,10,1372
90,551,7,641
612,68,7,680
653,298,9,951
117,938,4,1055
207,611,4,818
681,116,8,797
894,98,7,992
508,764,9,1272
424,292,10,716
280,117,2,397
904,248,9,1152
164,949,7,1113
564,715,2,1279
598,438,6,1036
270,889,2,1159
38,500,8,538
444,86,4,530
768,722,4,1490
530,579,7,1109
47,233,2,280
251,57,2,308
564,124,7,688
304,601,3,905
220,56,3,276
559,632,9,1191
538,296,3,834
464,311,6,775
380,334,2,714
394,352,2,746
564,764,10,1328
917,481,7,1398
197,608,8,805
783,129,4,912
650,593,2,1243
299,985,5,1284
63,499,1,562
131,856,10,987
819,125,9,944
643,193,6,836
602,712,4,1314
889,72,5,961
773,467,5,1240
436,373,1,809
661,914,5,1575
619,348,1,967
822,467,4,1289
916,13,2,929
769,14,7,783
807,530,8,1337
937,754,7,1691
88,60,7,148
89,426,8,515
400,557,5,957
349,129,5,478
485,654,2,1139
253,114,4,367
387,469,10,856
660,698,9,1358
894,252,9,1146
283,891,4,1174
606,932,8,1538
785,848,10,1633
648,666,5,1314
964,953,10,1917
532,755,7,1287
24,666,5,690
215,872,5,1087
834,82,4,916
647,530,3,1177
7,742,5,749
665,268,3,933
291,69,9,360
787,583,7,1370
779,877,1,1656
835,195,7,1030
978,274,8,1252
913,202,6,1115
733,731,7,1464
390,601,5,991
1,977,9,978
140,497,6,637
410,931,10,1341
917,684,5,1601
741,317,3,1058
172,829,5,1001
778,218,2,996
354,863,5,1217
497,479,2,976
124,125,6,249
561,301,6,862
363,522,9,885
867,954,5,1821
867,655,8,1522
421,292,5,713
576,117,3,693
418,619,6,1037
653,388,7,1041
916,64,6,980
550,947,9,1497
772,228,1,1000
904,817,7,1721
610,433,2,1043
923,328,3,1251
19,641,6,660
304,434,10,738
105,980,1,1085
208,658,8,866
237,234,9,471
85,914,6,999
392,435,4,827
777,783,6,1560
718,805,6,1523
350,227,8,577
892,711,9,1603
142,781,8,923
122,95,8,217
257,4,2,261
962,881,9,1843
111,814,3,925
555,58,2,613
49,842,1,891
838,939,5,1777
357,300,3,657
743,84,10,827
323,572,6,895
980,606,7,1586
622,533,7,1155
562,524,8,1086
986,426,8,1412
621,729,2,1350
40,588,5,628
512,946,5,1458
41,95,6,136
770,592,6,1362
627,348,9,975
410,433,5,843
246,46,4,292
611,436,3,1047
525,399,6,924
688,479,10,1167
210,608,8,818
368,459,3,827
718,232,8,950
785,926,1,1711
0,256,1,256
932,545,8,1477
230,17,9,247
409,983,8,1392
498,234,8,732
994,121,3,1115
870,207,10,1077
47,399,5,446
327,708,8,1035
245,451,2,696
749,960,3,1709
929,457,10,1386
887,169,6,1056
163,851,3,1014
806,207,1,1013
458,915,3,1373
732,277,5,1009
378,697,2,1075
289,930,6,1219
74,196,3,270
955,649,8,1604
210,809,5,1019
840,849,2,1689
911,883,8,1794
26,993,2,1019
318,515,4,833
361,364,6,725
671,421,4,1092
509,463,7,972
369,678,6,1047
454,712,6,1166
157,891,1,1048
139,865,3,1004
11,108,3,119
484,5,4,489
17,762,1,779
358,784,2,1142
811,37,9,848
283,739,6,1022
787,54,1,841
662,163,7,825
617,138,9,755
515,899,10,1414
267,648,2,915
544,882,4,1426
501,594,2,1095
845,778,8,1623
144,246,5,390
19,212,5,231
567,276,1,843
1,753,8,754
450,965,2,1415
192,872,5,1064
27,949,1,976
178,0,9,178
498,288,9,786
948,593,2,1541
806,504,1,1310
991,547,7,1538
989,178,3,1167
444,492,3,936
248,347,7,595
460,88,3,548
854,158,1,1012
611,887,8,1498
851,653,5,1504
131,876,3,1007
397,387,5,784
263,862,1,1125
40,411,2,451
301,943,8,1244
794,369,7,1163
910,100,1,1010
304,883,6,1187
407,241,9,648
150,940,5,1090
57,31,1,88
164,5,10,169
332,699,10,1031
265,532,2,797
193,269,5,462
259,874,1,1133
327,587,9,914
408,599,10,1007
34,583,4,617
119,189,4,308
666,884,1,1550
394,611,7,1005
309,390,3,699
479,197,2,676
108,198,4,306
344,517,5,861
591,629,1,1220
450,408,5,858
996,6,3,1002
238,731,2,969
728,659,9,1387
570,469,10,1039
57,48,8,105
108,389,6,497
172,783,8,955
966,106,4,1072
950,859,2,1809
670,299,8,969
241,369,2,610
781,933,9,1714
669,706,5,1375
53,153,2,206
737,663,8,1400
466,858,5,1324
549,578,10,1127
689,720,3,1409
613,77,7,690
134,458,5,592
112,343,1,455
72,455,8,527
428,929,10,1357
669,835,3,1504
277,700,6,977
161,336,9,497
529,395,4,924
437,272,10,709
985,833,2,1818
770,235,10,1005
737,521,9,1258
39,876,8,915
513,909,7,1422
720,550,6,1270
176,705,10,881
905,783,4,1688
886,613,6,1499
887,695,6,1582
903,846,3,1749
757,90,1,847
794,108,1,902
888,197,9,1085
995,196,9,1191
644,82,5,726
148,285,10,433
279,458,2,737
136,831,3,967
989,18,7,1007
583,887,2,1470
717,507,3,1224
21,884,8,905
426,91,8,517
482,429,10,911
243,816,8,1059
948,713,6,1661
736,281,2,1017
111,909,1,1020
298,774,1,1072
125,373,3,498
689,302,8,991
325,837,1,1162
346,543,3,889
244,678,5,922
347,212,6,559
756,701,7,1457
458,135,1,593
674,948,3,1622
566,222,6,788
82,409,4,491
848,296,7,1144
208,925,8,1133
71,268,9,339
29,527,6,556
886,934,1,1820
723,540,7,1263
54,394,7,448
12,157,4,169
5,744,5,749
6,599,5,605
133,895,2,1028
309,789,10,1098
179,477,2,656
313,694,7,1007
237,545,1,782
229,292,4,521
657,93,1,750
982,894,6,1876
631,949,9,1580
585,461,1,1046
917,355,2,1272
258,750,10,1008
140,990,1,1130
70,422,8,492
657,478,6,1135
415,71,6,486
262,768,4,1030
130,148,8,278
357,850,1,1207
582,279,8,861
723,687,10,1410
265,139,2,404
216,840,9,1056
848,395,8,1243
692,770,10,1462
667,790,5,1457
818,110,3,928
400,900,3,1300
752,131,8,883
233,704,9,937
492,397,6,889
281,889,4,1170
984,700,6,1684
649,553,9,1202
39,979,1,1018
69,355,7,424
882,180,7,1062
630,910,10,1540
360,160,8,520
710,884,6,1594
108,511,9,619
397,580,8,977
860,190,2,1050
746,167,8,913
409,975,7,1384
285,808,10,1093
34,57,9,91
333,839,10,1172
39,786,4,825
772,747,4,1519
907,422,9,1329
889,852,1,1741
451,486,10,937
519,377,1,896
253,931,9,1184
841,181,8,1022
2,905,8,907
758,265,4,1023
922,40,1,962
970,795,6,1765
322,522,6,844
39,502,8,541
375,254,6,629
351,26,10,377
437,92,8,529
70,133,4,203
943,432,2,1375
50,9,10,59
351,797,3,1148
720,939,5,1659
626,892,5,1518
374,492,4,866
598,855,4,1453
308,246,7,554
3,602,9,605
876,666,9,1542
863,456,2,1319
99,160,1,259
649,590,3,1239
355,664,10,1019
904,571,4,1475
181,901,8,1082
912,139,8,1051
170,893,9,1063
463,956,1,1419
413,624,5,1037
407,50,7,457
1,57,1,58
32,97,2,129
677,330,2,1007
564,716,4,1280
596,732,6,1328
594,153,1,747
425,789,3,1214
906,591,4,1497
854,585,10,1439
867,457,9,1324
518,405,6,923
738,787,4,1525
843,595,7,1438
209,394,7,603
89,841,2,930
471,21,5,492
737,745,2,1482
197,698,5,895
547,160,10,707
333,17,3,350
242,489,9,731
188,802,9,990
170,976,7,1146
607,377,10,984
719,514,5,1233
195,563,3,758
899,855,4,1754
252,117,4,369
12,892,7,904
113,953,6,1066
23,729,9,752
421,31,5,452
656,107,1,763
838,113,3,951
988,550,10,1538
983,204,9,1187
912,745,2,1657
43,910,10,953
221,811,1,1032
636,797,2,1433
548,363,6,911
557,386,3,943
962,193,3,1155
818,234,4,1052
626,332,10,958
698,104,9,802
490,335,1,825
168,726,8,894
758,996,3,1754
278,307,10,585
541,587,7,1128
237,579,3,816
16,278,10,294
698,198,1,896
444,537,8,981
947,244,4,1191
997,308,2,1305
880,0,1,880
517,980,10,1497
893,581,4,1474
80,476,4,556
581,563,2,1144
575,207,4,782
48,584,1,632
546,352,6,898
463,798,9,1261
106,814,5,920
926,61,9,987
430,55,3,485
629,143,10,772
878,639,6,1517
845,256,6,1101
94,161,8,255
39,648,4,687
218,526,1,744
483,401,6,884
614,850,8,1464
897,34,10,931
411,815,7,1226
992,750,3,1742
821,17,6,838
436,128,1,564
815,616,9,1431
732,309,4,1041
63,670,8,733
987,894,5,1881
617,781,5,1398
0,441,9,441
167,416,4,583
991,266,4,1257
947,106,4,1053
635,426,8,1061
465,608,9,1073
74,922,3,996
535,252,7,787
964,586,6,1550
86,867,10,953
192,11,4,203
498,720,9,1218
498,313,2,811
872,783,8,1655
352,297,5,649
894,573,7,1467
588,756,1,1344
593,891,3,1484
157,17,9,174
964,291,6,1255
767,29,8,796
795,430,10,1225
688,72,10,760
139,636,7,775
967,254,7,1221
230,444,6,674
629,31,3,660
901,513,7,1414
641,186,6,827
253,868,9,1121
874,345,8,1219
84,644,2,728
779,719,5,1498
38,119,1,157
161,183,6,344
316,876,7,1192
473,302,2,775
826,571,2,1397
378,246,10,624
434,615,6,1049
725,538,4,1263
926,258,7,1184
805,444,2,1249
916,157,1,1073
0,263,10,263
596,546,1,1142
43,362,9,405
639,811,5,1450
558,532,6,1090
87,337,5,424
137,364,10,501
879,135,10,1014
655,769,4,1424
140,408,5,548
129,363,3,492
481,227,8,708
820,689,6,1509
622,441,7,1063
522,817,10,1339
515,348,7,863
324,38,5,362
10,728,7,738
154,200,6,354
85,601,10,686
106,176,5,282
154,428,9,582
863,643,6,1506
414,989,1,1403
668,430,2,1098
997,154,3,1151
577,133,5,710
312,84,2,396
959,164,10,1123
347,284,6,631
483,390,5,873
417,28,3,445
863,734,4,1597
76,693,8,769
594,724,3,1318
271,187,8,458
916,231,4,1147
131,829,8,960
62,339,3,401
811,384,3,1195
267,177,3,444
304,457,5,761
296,171,7,467
758,997,2,1755
500,423,10,923
535,944,9,1479
334,399,4,733
821,108,3,929
657,516,9,1173
235,285,6,520
991,995,2,1986
542,963,7,1505
439,213,5,652
351,173,5,524
602,340,7,942
447,365,10,812
736,333,3,1069
556,76,4,632
968,82,4,1050
947,656,1,1603
266,337,9,603
823,471,5,1294
510,978,10,1488
631,356,10,987
495,278,9,773
886,372,10,1258
619,805,3,1424
12,712,3,724
604,628,3,1232
116,645,8,761
744,870,2,1614
332,169,9,501
219,169,9,388
596,343,8,939
445,344,1,789
212,638,3,850
644,123,2,767
728,314,3,1042
763,621,8,1384
54,212,4,266
552,368,10,920
760,626,1,1386
49,798,9,847
128,990,10,1118
350,364,8,714
79,337,10,416
137,642,5,779
889,550,1,1439
939,747,2,1686
100,167,10,267
684,165,9,849
957,970,1,1927
459,307,3,766
969,508,1,1477
233,196,9,429
939,445,2,1384
153,191,7,344
706,249,7,955
666,454,5,1120
672,36,2,708
853,623,7,1476
383,89,7,472
831,678,4,1509
60,464,8,524
877,543,7,1420
125,553,9,678
556,964,10,1520
468,573,7,1041
698,403,1,1101
322,746,1,1068
490,179,9,669
183,490,9,673
170,966,1,1136
589,834,6,1423
894,171,1,1065
52,126,5,178
54,724,9,778
749,809,3,1558
590,229,7,819
436,577,3,1013
623,342,1,965
993,867,4,1860
616,226,2,842
292,948,5,1240
50,718,6,768
153,629,8,782
31,231,1,262
878,151,7,1029
777,553,2,1330
616,653,4,1269
759,276,8,1035
580,469,6,1049
36,353,6,389
215,389,3,604
594,954,9,1548
120,961,8,1081
511,289,10,800
206,839,4,1045
51,9,5,60
12,430,6,442
935,287,2,1222
934,986,3,1920
808,975,6,1783
112,242,6,354
972,611,5,1583
904,858,7,1762
229,417,5,646
296,637,3,933
587,4,5,591
248,703,7,951
499,646,5,1145
339,31,7,370
996,24,10,1020
675,555,6,1230
341,205,3,546
869,696,5,1565
376,248,8,624
730,287,9,1017
404,676,3,1080
437,759,8,1196
172,218,9,390
941,998,4,1939
384,104,2,488
759,666,9,1425
401,332,9,733
228,74,7,302
357,638,4,995
998,300,5,1298
51,248,5,299
16,124,5,140
556,671,5,1227
610,208,8,818
63,564,7,627
640,663,2,1303
474,880,8,1354
466,263,6,729
605,222,4,827
365,218,3,583
869,61,10,930
68,525,2,593
303,433,6,736
886,349,10,1235
65,938,4,1003
313,96,1,409
796,801,10,1597
822,593,10,1415
941,26,8,967
668,794,7,1462
345,417,2,762
383,822,8,1205
103,495,3,598
773,561,7,1334
681,830,9,1511
541,223,6,764
12,748,8,760
406,394,2,800
360,945,2,1305
426,240,3,666
143,189,6,332
191,720,4,911
130,952,7,1082
915,147,1,1062
69,636,8,705
3,732,5,735
31,596,5,627
323,338,5,661
321,888,10,1209
152,81,8,233
462,386,10,848
454,845,8,1299
447,594,1,1041
783,402,2,1185
381,759,3,1140
824,224,3,1048
828,396,1,1224
917,28,8,945
444,505,6,949
986,275,8,1261
338,508,9,846
17,356,1,373
101,125,2,226
639,288,8,927
218,257,9,475
867,633,8,1500
702,3,5,705
68,702,4,770
271,637,9,908
998,77,8,1075
735,670,2,1405
191,772,6,963
414,693,10,1107
69,899,2,968
89,884,4,973
732,138,9,870
435,993,5,1428
868,360,8,1228
532,972,5,1504
638,314,8,952
251,119,9,370
441,53,3,494
641,339,10,980
585,382,4,967
6,952,9,958
325,163,2,488
914,323,7,1237
994,773,2,1767
736,359,7,1095
322,743,5,1065
962,663,4,1625
326,91,1,417
549,906,3,1455
425,168,6,593
219,132,2,351
561,13,4,574
971,508,4,1479
514,152,6,666
467,158,2,625
108,537,8,645
989,645,5,1634
332,503,2,835
37,81,9,118
874,348,2,1222
52,80,10,132
44,560,4,604
31,319,7,350
874,688,9,1562
791,668,3,1459
281,533,4,814
107,770,3,877
785,381,10,1166
744,658,8,1402
504,946,4,1450
288,370,4,658
57,165,6,222
141,875,4,1016
210,682,10,892
263,386,9,649
228,556,2,784
211,627,5,838
922,972,7,1894
953,134,10,1087
15,478,9,493
766,218,9,984
904,459,10,1363
72,510,3,582
704,312,10,1016
937,548,4,1485
457,944,5,1401
925,126,3,1051
969,328,4,1297
547,530,7,1077
741,359,10,1100
707,500,5,1207
754,994,1,1748
65,79,7,144
873,732,6,1605
145,205,5,350
369,359,7,728
411,759,5,1170
931,733,6,1664
558,158,10,716
220,884,9,1104
395,190,9,585
671,495,3,1166
313,231,6,544
602,201,8,803
233,813,1,1046
348,418,1,766
871,97,7,968
217,465,10,682
9,648,2,657
456,522,9,978
704,623,8,1327
729,805,4,1534
38,369,9,407
768,81,2,849
325,637,2,962
359,863,2,1222
82,283,10,365
832,962,2,1794
846,810,8,1656
713,864,8,1577
984,445,8,1429
847,689,6,1536
50,450,4,500
500,619,7,1119
975,351,8,1326
259,713,10,972
418,349,1,767
462,311,10,773
518,370,3,888
133,483,1,616
151,653,8,804
687,489,9,1176
955,279,1,1234
717,661,7,1378
753,747,2,1500
365,64,8,429
720,304,2,1024
392,438,9,830
566,760,5,1326
899,431,7,1330
357,267,7,624
860,229,1,1089
635,235,2,870
852,852,1,1704
110,302,1,412
673,974,9,1647
66,278,9,344
877,654,10,1531
607,395,5,1002
673,633,5,1306
627,361,9,988
699,863,6,1562
385,214,9,599
51,308,9,359
779,521,8,1300
263,716,5,979
978,1,4,979
30,466,5,496
592,253,6,845
197,584,7,781
124,852,6,976
519,554,7,1073
110,341,2,451
720,268,8,988
549,437,4,986
816,186,9,1002
817,739,1,1556
880,730,8,1610
779,53,8,832
95,469,4,564
852,980,1,1832
937,236,4,1173
885,744,5,1629
878,711,4,1589
399,606,8,1005
752,770,2,1522
740,45,9,785
88,35,8,123
455,80,6,535
862,440,3,1302
337,352,1,689
136,439,3,575
171,194,8,365
717,576,6,1293
407,883,3,1290
978,706,2,1684
546,731,6,1277
473,587,2,1060
442,979,9,1421
183,289,5,472
646,390,10,1036
395,644,5,1039
854,878,10,1732
55,92,4,147
993,311,6,1304
309,87,7,396
418,191,9,609
460,741,9,1201
303,255,10,558
854,824,8,1678
357,269,9,626
38,410,6,448
550,170,2,720
67,703,4,770
200,381,2,581
918,792,10,1710
448,562,9,1010
763,494,6,1257
288,982,5,1270
795,859,4,1654
801,545,3,1346
420,499,3,919
327,683,8,1010
892,329,3,1221
94,380,6,474
653,628,4,1281
48,351,7,399
620,756,4,1376
148,153,7,301
684,853,1,1537
633,618,7,1251
707,467,8,1174
373,435,1,808
951,824,6,1775
187,488,5,675
47,784,10,831
689,823,4,1512
637,678,10,1315
950,706,1,1656
468,15,8,483
548,955,4,1503
901,100,3,1001
908,17,3,925
485,979,1,1464
954,31,6,985
627,751,9,1378
351,171,6,522
347,436,8,783
189,220,3,409
655,581,1,1236
850,710,4,1560
105,531,5,636
645,136,8,781
175,445,10,620
5,866,3,871
452,195,3,647
283,165,7,448
462,419,6,881
93,726,8,819
223,90,3,313
103,183,7,286
818,237,3,1055
797,657,8,1454
194,468,5,662
517,547,7,1064
623,942,6,1565
513,910,4,1423
596,744,9,1340
211,403,9,614
195,482,9,677
740,112,10,852
229,229,8,458
741,378,9,1119
179,765,2,944
401,570,2,971
692,506,1,1198
730,234,9,964
813,929,2,1742
891,747,8,1638
394,654,10,1048
334,730,6,1064
802,42,4,844
65,514,3,579
819,554,7,1373
84,964,2,1048
758,12,4,770
686,891,9,1577
907,104,10,1011
94,659,7,753
832,17,6,849
874,145,2,1019
752,22,9,774
171,527,7,698
335,215,3,550
697,513,2,1210
300,927,3,1227
367,962,10,1329
974,274,6,1248
596,379,5,975
406,438,5,844
983,175,4,1158
36,362,5,398
302,780,8,1082
179,447,10,626
919,533,6,1452
610,48,5,658
52,969,3,1021
970,968,9,1938
836,281,10,1117
71,796,6,867
506,852,3,1358
971,455,4,1426
841,313,6,1154
491,244,3,735
678,188,1,866
654,339,5,993
742,936,8,1678
39,672,4,711
346,229,7,575
965,615,7,1580
531,143,3,674
807,329,4,1136
907,517,10,1424
250,476,9,726
824,45,7,869
380,337,6,717
153,162,2,315
705,799,7,1504
289,315,4,604
713,299,10,1012
525,89,8,614
842,33,3,875
453,649,9,1102
81,31,4,112
202,938,4,1140
927,875,9,1802
822,819,10,1641
265,576,10,841
989,498,8,1487
483,155,9,638
66,441,3,507
243,84,6,327
924,639,1,1563
955,424,7,1379
136,649,6,785
75,808,2,883
613,795,8,1408
872,617,1,1489
446,911,3,1357
264,610,4,874
464,483,7,947
189,713,8,902
447,268,1,715
894,474,2,1368
307,835,9,1142
232,429,1,661
410,610,2,1020
768,380,6,1148
551,773,8,1324
537,48,10,585
961,787,4,1748
863,766,10,1629
457,331,7,788
577,998,6,1575
983,147,3,1130
934,862,5,1796
208,568,6,776
206,366,5,572
95,149,4,244
555,903,5,1458
713,708,6,1421
690,482,10,1172
280,872,10,1152
453,846,7,1299
247,545,1,792
342,768,7,1110
114,513,8,627
50,207,8,257
759,554,8,1313
272,953,1,1225
786,801,4,1587
186,460,8,646
578,550,5,1128
153,667,10,820
239,21,8,260
239,498,5,737
746,430,8,1176
493,303,7,796
656,381,9,1037
980,225,9,1205
750,921,3,1671
625,807,9,1432
735,97,1,832
190,353,6,543
738,180,1,918
981,284,1,1265
889,778,10,1667
951,670,8,1621
272,564,10,836
356,980,2,1336
991,50,3,1041
337,52,5,389
875,275,9,1150
934,247,3,1181
403,516,7,919
291,460,2,751
365,198,7,563
625,72,10,697
639,257,9,896
711,278,2,989
249,386,2,635
553,190,8,743
127,652,1,779
17,35,5,52
252,819,6,1071
944,117,10,1061
723,862,3,1585
679,835,10,1514
512,224,7,736
181,547,2,728
478,352,3,830
849,923,5,1772
719,518,5,1237
777,915,5,1692
694,815,10,1509
962,765,1,1727
748,263,10,1011
323,67,8,390
146,811,3,957
519,844,6,1363
112,22,7,134
89,831,1,920
840,634,1,1474
759,507,3,1266
177,955,10,1132
724,255,3,979
169,669,8,838
563,784,4,1347
535,782,5,1317
88,588,7,676
417,308,2,725
975,282,2,1257
438,898,5,1336
764,999,5,1763
648,672,9,1320
689,359,9,1048
924,948,9,1872
193,939,10,1132
45,711,5,756
571,58,5,629
376,777,7,1153
164,188,10,352
596,988,8,1584
539,692,2,1231
439,400,3,839
340,641,10,981
35,527,1,562
79,318,8,397
831,399,10,1230
724,127,9,851
252,602,10,854
428,923,4,1351
510,457,4,967
224,867,5,1091
377,998,7,1375
211,994,4,1205
237,160,1,397
929,301,8,1230
873,431,9,1304
395,64,9,459
587,909,6,1496
127,501,4,628
211,679,2,890
413,134,4,547
814,584,1,1398
669,475,7,1144
790,657,4,1447
376,232,10,608
683,162,7,845
422,442,10,864
321,212,9,533
682,982,10,1664
895,586,9,1481
973,733,3,1706
104,193,10,297
968,167,2,1135
829,962,3,1791
902,822,7,1724
420,866,9,1286
304,202,6,506
34,110,4,144
350,376,10,726
399,784,7,1183
372,684,1,1056
907,642,4,1549
276,103,8,379
575,877,3,1452
417,798,1,1215
620,189,5,809
453,677,2,1130
838,707,7,1545
372,565,3,937
195,980,2,1175
659,327,9,986
271,608,7,879
513,235,3,748
480,835,5,1315
558,532,8,1090
496,477,6,973
122,958,6,1080
427,765,5,1192
848,556,3,1404
470,122,1,592
374,719,7,1093
148,804,6,952
969,273,6,1242
316,304,1,620
905,547,9,1452
301,830,6,1131
486,884,9,1370
357,663,5,1020
679,285,3,964
203,268,9,471
421,672,2,1093
834,907,2,1741
96,568,10,664
324,769,9,1093
835,589,9,1424
591,906,4,1497
61,114,9,175
38,201,6,239
491,116,6,607
889,950,3,1839
820,135,3,955
92,841,9,933
165,700,3,865
148,54,3,202
66,472,1,538
647,354,10,1001
152,90,5,242
943,518,4,1461
78,647,7,725
875,118,7,993
912,503,4,1415
80,370,1,450
53,463,5,516
813,755,7,1568
797,685,4,1482
377,38,3,415
96,562,10,658
450,779,1,1229
335,63,2,398
917,121,9,1038
876,65,7,941
740,722,5,1462
196,136,2,332
491,2,9,493
700,298,9,998
863,468,4,1331
265,20,9,285
138,516,3,654
290,478,4,768
845,94,9,939
244,383,6,627
745,364,3,1109
98,582,5,680
525,650,1,1175
925,592,4,1517
703,608,7,1311
349,653,8,1002
757,413,3,1170
830,91,1,921
682,855,7,1537
810,158,2,968
321,595,9,916
843,203,1,1046
473,117,2,590
381,243,2,624
591,941,3,1532
108,660,6,768
206,91,5,297
849,824,10,1673
732,881,1,1613
823,212,6,1035
661,361,5,1022
212,488,9,700
942,751,1,1693
291,22,10,313
881,460,8,1341
152,724,2,876
459,58,10,517
267,784,9,1051
864,926,3,1790
838,457,7,1295
300,210,2,510
479,114,4,593
873,935,8,1808
327,110,2,437
186,661,9,847
619,88,10,707
507,77,10,584
421,613,8,1034
729,984,1,1713
402,565,5,967
284,194,3,478
900,552,3,1452
836,560,7,1396
178,120,4,298
255,764,7,1019
573,285,7,858
820,236,8,1056
989,496,5,1485
307,589,1,896
361,321,5,682
207,614,4,821
696,859,7,1555
95,418,1,513
815,698,1,1513
718,808,2,1526
696,74,5,770
857,917,3,1774
457,179,7,636
1,5,8,6
244,856,8,1100
474,372,7,846
457,504,5,961
507,240,8,747
506,232,10,738
772,425,2,1197
879,240,3,1119
829,629,9,1458
504,173,6,677
347,640,7,987
183,293,9,476
327,615,8,942
487,64,9,551
383,206,8,589
872,853,5,1725
20,406,10,426
104,52,2,156
927,895,10,1822
657,929,8,1586
867,455,3,1322
784,800,8,1584
786,329,3,1115
932,348,5,1280
976,998,4,1974
87,530,3,617
123,150,10,273
111,549,5,660
876,431,3,1307
233,702,9,935
207,14,3,221
789,776,2,1565
666,263,3,929
740,961,2,1701
972,82,6,1054
579,539,5,1118
13,554,6,567
8,321,4,329
146,233,9,379
147,876,5,1023
172,331,3,503
89,411,6,500
864,892,9,1756
188,376,4,564
97,877,2,974
304,885,1,1189
731,106,4,837
265,530,2,795
736,423,2,1159
853,376,2,1229
959,279,1,1238
72,551,10,623
855,697,3,1552
927,364,4,1291
742,598,9,1340
338,996,9,1334
404,639,1,1043
995,376,10,1371
891,963,5,1854
640,514,6,1154
627,210,6,837
683,765,8,1448
147,94,5,241
657,40,6,697
38,725,6,763
933,783,3,1716
140,768,1,908
92,279,9,371
590,432,8,1022
71,200,5,271
358,581,1,939
29,822,1,851
256,954,4,1210
648,60,4,708
321,295,7,616
549,741,4,1290
842,400,6,1242
19,63,1,82
956,97,1,1053
765,594,7,1359
951,906,2,1857
429,942,10,1371
822,272,4,1094
438,873,9,1311
122,732,10,854
800,474,6,1274
620,790,4,1410
219,254,9,473
280,91,9,371
356,414,2,770
115,60,7,175
546,592,1,1138
612,439,6,1051
203,70,7,273
171,305,5,476
816,34,10,850
253,916,1,1169
166,963,9,1129
454,995,7,1449
250,455,1,705
669,354,3,1023
439,93,4,532
632,44,6,676
629,19,7,648
59,8,8,67
115,647,7,762
391,27,7,418
295,355,4,650
412,784,4,1196
998,488,7,1486
876,743,2,1619
374,81,5,455
900,1,6,901
690,107,10,797
991,742,6,1733
202,367,10,569
897,458,6,1355
349,692,7,1041
267,83,7,350
769,601,9,1370
799,939,6,1738
708,283,4,991
163,703,4,866
549,947,2,1496
617,615,8,1232
913,611,3,1524
186,484,1,670
405,622,10,1027
648,70,5,718
133,484,2,617
862,250,6,1112
920,119,4,1039
558,100,8,658
745,616,1,1361
425,36,5,461
918,557,8,1475
755,905,9,1660
806,677,4,1483
430,411,6,841
8,45,1,53
863,930,3,1793
721,816,8,1537
801,466,9,1267
484,517,4,1001
860,91,10,951
783,113,3,896
617,258,9,875
850,735,7,1585
983,278,9,1261
426,269,7,695
488,588,5,1076
461,52,5,513
802,790,9,1592
798,290,4,1088
863,300,5,1163
174,357,10,531
660,887,1,1547
256,737,1,993
919,452,10,1371
38,286,5,324
627,641,4,1268
929,389,4,1318
354,922,5,1276
6,292,9,298
788,113,3,901
986,9,9,995
346,239,6,585
254,81,2,335
187,313,6,500
314,712,8,1026
148,284,7,432
556,583,4,1139
611,263,2,874
550,844,2,1394
572,34,5,606
172,2,8,174
512,638,4,1150
385,200,2,585
73,875,10,948
949,887,1,1836
505,607,4,1112
766,643,7,1409
742,558,8,1300
752,223,6,975
31,642,6,673
739,97,2,836
688,783,5,1471
381,988,3,1369
760,786,2,1546
385,700,6,1085
252,450,9,702
748,414,10,1162
279,853,1,1132
286,795,7,1081
98,493,7,591
899,788,5,1687
669,127,3,796
70,462,8,532
377,258,8,635
176,480,1,656
875,83,3,958
789,717,2,1506
217,577,7,794
984,662,10,1646
669,629,8,1298
678,598,10,1276
562,231,9,793
823,394,4,1217
637,452,1,1089
920,473,1,1393
340,915,2,1255
266,412,9,678
126,914,8,1040
573,953,10,1526
361,116,10,477
398,444,5,842
551,495,8,1046
713,267,10,980
983,964,2,1947
10,67,5,77
113,279,10,392
102,407,4,509
297,139,5,436
555,201,6,756
911,365,1,1276
664,279,3,943
208,929,1,1137
122,294,8,416
539,310,7,849
510,579,8,1089
919,499,5,1418
184,239,3,423
977,539,2,1516
506,638,5,1144
259,57,9,316
234,805,10,1039
241,861,7,1102
551,391,6,942
56,366,4,422
845,813,7,1658
175,10,6,185
574,152,3,726
589,834,5,1423
872,73,4,945
586,871,1,1457
276,927,5,1203
752,933,4,1685
858,668,9,1526
619,594,4,1213
488,950,2,1438
452,599,3,1051
861,289,2,1150
522,251,10,773
883,788,6,1671
551,592,2,1143
915,878,9,1793
317,83,5,400
954,123,6,1077
398,877,8,1275
106,860,8,966
112,761,8,873
905,828,1,1733
293,10,3,303
288,417,2,705
497,38,10,535
7,429,4,436
417,794,4,1211
518,672,10,1190
480,735,9,1215
35,532,7,567
25,608,6,633
39,380,6,419
309,527,2,836
766,472,7,1238
88,373,6,461
599,322,5,921
712,812,8,1524
94,81,2,175
803,144,1,947
560,408,1,968
285,130,9,415
767,752,6,1519
839,185,5,1024
165,642,3,807
589,610,10,1199
945,108,4,1053
961,929,6,1890
287,265,8,552
559,195,2,754
487,767,7,1254
279,455,7,734
44,989,7,1033
326,733,8,1059
709,629,3,1338
102,651,8,753
71,213,7,284
156,951,6,1107
66,426,5,492
55,483,7,538
958,677,7,1635
99,827,9,926
846,507,7,1353
145,483,5,628
581,885,10,1466
495,833,10,1328
668,45,4,713
817,653,1,1470
992,729,10,1721
124,8,10,132
814,280,8,1094
548,456,10,1004
150,882,3,1032
713,400,5,1113
488,816,3,1304
480,320,8,800
208,625,1,833
13,692,9,705
255,554,3,809
230,384,5,614
626,786,8,1412
213,497,4,710
65,475,3,540
900,329,2,1229
777,35,7,812
888,547,4,1435
755,487,1,1242
839,626,3,1465
656,392,7,1048
253,927,5,1180
605,670,2,1275
861,17,5,878
226,92,9,318
750,807,6,1557
494,947,8,1441
754,125,1,879
43,764,8,807
961,494,6,1455
25,393,9,418
324,282,9,606
96,707,6,803
326,736,2,1062
364,418,3,782
494,491,3,985
63,589,6,652
104,546,5,650
47,245,8,292
444,974,8,1418
822,27,5,849
889,382,7,1271
254,548,3,802
268,474,6,742
604,809,4,1413
926,739,3,1665
204,968,9,1172
342,843,6,1185
749,33,4,782
835,992,9,1827
170,195,8,365
924,548,4,1472
42,417,8,459
697,461,3,1158
436,334,10,770
985,747,4,1732
90,923,2,1013
120,55,6,175
110,127,1,237
589,568,7,1157
999,285,8,1284
806,700,9,1506
561,304,3,865
734,980,9,1714
630,884,8,1514
783,966,6,1749
952,560,4,1512
662,206,2,868
624,568,4,1192
529,251,2,780
51,8,4,59
598,971,4,1569
506,928,8,1434
821,508,4,1329
579,953,5,1532
886,519,7,1405
913,594,8,1507
166,94,4,260
935,407,3,1342
238,199,3,437
385,594,8,979
309,665,10,974
647,68,1,715
700,945,4,1645
988,384,2,1372
826,527,9,1353
540,268,8,808
986,97,4,1083
544,521,10,1065
480,537,2,1017
397,510,2,907
479,905,2,1384
720,612,7,1332
622,759,10,1381
745,744,10,1489
189,573,1,762
726,573,6,1299
554,223,9,777
605,809,10,1414
988,959,6,1947
511,959,9,1470
58,440,8,498
353,870,8,1223
301,158,6,459
621,596,1,1217
531,284,4,815
514,124,3,638
939,309,1,1248
693,967,2,1660
122,783,8,905
760,346,4,1106
64,195,4,259
538,461,10,999
229,832,2,1061
70,204,2,274
954,522,9,1476
915,459,3,1374
428,456,7,884
56,707,9,763
736,502,9,1238
469,740,8,1209
152,319,2,471
959,149,8,1108
45,693,8,738
883,156,3,1039
42,347,2,389
83,866,8,949
136,388,8,524
289,556,1,845
598,503,6,1101
743,520,3,1263
728,760,6,1488
539,196,7,735
109,863,10,972
88,38,5,126
249,448,2,697
358,90,9,448
434,439,7,873
112,619,8,731
202,339,5,541
469,752,2,1221
141,762,3,903
55,635,6,690
114,913,2,1027
450,616,6,1066
430,417,5,847
781,259,10,1040
42,647,3,689
402,153,3,555
470,965,1,1435
66,708,10,774
454,328,10,782
729,135,5,864
46,948,10,994
175,354,7,529
142,582,5,724
240,937,3,1177
899,152,4,1051
190,803,4,993
76,216,3,292
579,136,7,715
801,383,8,1184
742,439,1,1181
867,863,4,1730
233,216,5,449
910,290,4,1200
702,483,6,1185
54,55,10,109
603,351,5,954
596,244,9,840
749,186,3,935
367,383,3,750
838,113,5,951
306,575,6,881
469,983,2,1452
913,65,5,978
635,204,10,839
655,895,1,1550
760,211,2,971
936,839,5,1775
469,292,2,761
169,349,1,518
382,185,10,567
692,94,7,786
409,618,5,1027
158,959,7,1117
6,503,6,509
0,699,4,699
620,327,5,947
415,749,5,1164
887,604,1,1491
818,357,6,1175
315,713,1,1028
120,375,1,495
667,710,7,1377
418,970,3,1388
871,526,1,1397
835,184,2,1019
714,292,7,1006
233,995,4,1228
345,169,3,514
734,934,6,1668
746,169,8,915
879,234,6,1113
486,233,2,719
609,445,9,1054
977,979,9,1956
430,495,9,925
396,926,10,1322
724,192,8,916
188,202,4,390
730,0,2,730
10,663,8,673
256,908,8,1164
146,602,7,748
671,817,9,1488
547,261,8,808
485,976,6,1461
187,923,4,1110
404,627,6,1031
937,492,7,1429
120,730,10,850
520,925,8,1445
715,551,7,1266
943,919,5,1862
17,351,9,368
207,538,4,745
977,230,2,1207
879,753,7,1632
673,792,8,1465
948,349,8,1297
564,252,2,816
19,196,2,215
424,619,10,1043
928,791,6,1719
570,518,6,1088
335,557,9,892
965,300,6,1265
63,810,2,873
33,660,1,693
345,654,10,999
281,788,2,1069
947,82,1,1029
474,184,4,658
327,331,8,658
934,19,1,953
92,448,7,540
475,108,7,583
977,536,6,1513
979,74,5,1053
854,49,8,903
331,790,2,1121
217,716,10,933
48,895,9,943
824,368,5,1192
272,29,8,301
782,50,1,832
467,132,8,599
534,418,9,952
279,822,8,1101
670,215,1,885
560,807,9,1367
321,73,6,394
996,247,1,1243
939,611,8,1550
236,474,8,710
15,389,2,404
7,218,5,225
950,966,4,1916
237,635,5,872
797,647,9,1444
319,46,7,365
736,286,2,1022
593,76,9,669
53,967,6,1020
509,572,5,1081
829,842,5,1671
458,683,8,1141
61,964,6,1025
303,440,9,743
158,280,7,438
687,424,2,1111
86,522,1,608
508,247,2,755
139,740,1,879
445,533,3,978
519,981,3,1500
772,902,10,1674
189,786,8,975
79,222,4,301
772,844,10,1616
113,819,8,932
466,996,1,1462
715,291,7,1006
61,832,6,893
683,803,9,1486
927,159,2,1086
303,66,6,369
207,459,5,666
251,586,4,837
630,830,7,1460
259,375,1,634
347,142,8,489
534,201,4,735
803,395,2,1198
916,874,4,1790
674,376,7,1050
461,115,9,576
240,301,10,541
965,820,6,1785
927,567,5,1494
724,2,8,726
185,51,5,236
390,555,2,945
663,356,6,1019
706,869,5,1575
923,421,9,1344
501,246,4,747
644,605,10,1249
272,901,6,1173
686,844,5,1530
506,339,6,845
607,628,2,1235
384,479,6,863
443,710,2,1153
38,507,8,545
153,346,3,499
6,192,5,198
33,364,1,397
49,788,6,837
223,827,2,1050
809,439,5,1248
281,48,5,329
882,911,9,1793
63,601,3,664
668,194,7,862
713,268,3,981
687,569,3,1256
591,800,9,1391
79,529,4,608
927,407,6,1334
490,756,8,1246
774,236,7,1010
485,930,10,1415
981,669,1,1650
89,797,2,886
845,466,7,1311
701,57,2,758
847,660,5,1507
25,874,5,899
127,842,7,969
602,365,6,967
990,290,6,1280
358,230,7,588
477,648,3,1125
405,809,5,1214
588,820,1,1408
251,312,6,563
557,624,5,1181
844,833,10,1677
675,908,9,1583
424,299,6,723
941,750,9,1691
159,87,8,246
123,9,8,132
909,884,3,1793
62,936,9,998
964,953,2,1917
550,533,7,1083
75,851,10,926
604,392,1,996
254,889,4,1143
238,762,2,1000
83,413,1,496
402,445,8,847
576,313,3,889
840,397,10,1237
921,207,8,1128
160,605,8,765
342,900,4,1242
968,724,7,1692
362,61,2,423
830,152,9,982
392,178,4,570
35,40,1,75
654,77,3,731
843,671,5,1514
361,608,7,969
917,818,7,1735
278,750,4,1028
893,949,9,1842
937,445,10,1382
51,380,9,431
804,835,6,1639
290,89,1,379
511,56,2,567
228,254,9,482
97,785,4,882
480,195,8,675
859,944,10,1803
796,233,4,1029
112,489,3,601
828,332,3,1160
451,982,6,1433
639,105,10,744
235,355,6,590
461,741,9,1202
495,715,2,1210
626,422,9,1048
610,592,1,1202
144,339,2,483
469,527,9,996
41,448,6,489
921,868,6,1789
343,473,7,816
985,791,6,1776
789,548,10,1337
374,128,8,502
466,416,9,882
828,525,9,1353
151,490,9,641
775,194,5,969
438,257,9,695
307,754,8,1061
27,346,3,373
394,372,1,766
885,462,5,1347
532,202,8,734
48,678,4,726
143,213,6,356
329,22,7,351
545,612,6,1157
559,945,10,1504
153,166,6,319
881,119,4,1000
231,45,6,276
938,326,1,1264
621,613,8,1234
423,194,1,617
34,278,1,312
26,393,6,419
292,214,6,506
959,637,6,1596
274,211,8,485
726,833,4,1559
903,957,4,1860
592,36,8,628
22,525,9,547
408,619,7,1027
427,910,9,1337
359,35,4,394
188,791,3,979
714,81,1,795
54,446,7,500
944,919,2,1863
57,755,5,812
549,830,8,1379
212,997,1,1209
973,866,4,1839
32,349,6,381
469,691,6,1160
930,973,2,1903
445,72,8,517
663,811,9,1474
489,3,8,492
254,646,1,900
747,550,7,1297
156,900,5,1056
751,285,2,1036
464,416,2,880
4,215,1,219
285,347,7,632
50,967,4,1017
612,597,2,1209
250,521,1,771
299,577,8,876
457,137,9,594
324,707,4,1031
420,656,9,1076
860,269,9,1129
740,900,8,1640
697,988,7,1685
593,732,10,1325
748,373,5,1121
405,82,3,487
527,203,10,730
262,152,5,414
47,67,8,114
272,627,10,899
171,677,7,848
587,691,9,1278
796,693,1,1489
378,442,1,820
746,136,1,882
27,631,6,658
930,864,2,1794
835,208,5,1043
3,495,10,498
363,194,5,557
231,954,3,1185
26,354,8,380
672,588,9,1260
369,578,6,947
647,722,7,1369
579,233,7,812
765,977,10,1742
446,117,5,563
404,386,3,790
727,846,4,1573
721,431,2,1152
942,179,5,1121
10,955,9,965
264,971,10,1235
742,566,8,1308
264,221,3,485
954,802,8,1756
537,66,7,603
130,480,2,610
468,727,6,1195
939,907,2,1846
528,657,1,1185
679,693,10,1372
697,576,1,1273
423,469,3,892
152,500,4,652
778,450,8,1228
250,15,3,265
712,487,5,1199
411,227,2,638
835,155,1,990
608,607,3,1215
800,372,8,1172
707,178,3,885
931,265,3,1196
713,660,10,1373
208,523,3,731
152,901,9,1053
810,360,6,1170
705,25,7,730
563,103,8,666
862,714,1,1576
201,554,5,755
710,95,4,805
338,486,2,824
770,192,7,962
531,417,8,948
734,982,7,1716
30,339,10,369
617,503,9,1120
342,248,10,590
385,945,7,1330
756,143,5,899
734,67,3,801
326,245,8,571
263,968,8,1231
487,923,6,1410
131,244,1,375
333,167,3,500
639,377,10,1016
346,517,1,863
80,200,8,280
899,632,1,1531
71,593,10,664
746,794,9,1540
401,347,6,748
150,318,4,468
522,514,9,1036
261,729,7,990
395,223,7,618
268,609,10,877
120,22,8,142
81,987,4,1068
931,554,6,1485
136,926,4,1062
660,494,2,1154
94,303,6,397
586,661,8,1247
541,224,10,765
194,662,9,856
108,541,2,649
721,326,10,1047
532,252,8,784
921,431,9,1352
816,897,1,1713
612,718,9,1330
926,907,3,1833
322,516,6,838
471,416,7,887
423,602,3,1025
589,532,4,1121
942,449,3,1391
3,508,4,511
558,11,4,569
998,480,10,1478
975,373,3,1348
616,983,8,1599
507,495,6,1002
528,218,1,746
225,720,7,945
212,201,9,413
294,162,9,456
378,412,5,790
421,693,2,1114
473,619,9,1092
92,434,9,526
4,941,3,945
410,876,5,1286
420,800,1,1220
968,417,5,1385
631,644,6,1275
511,840,6,1351
343,564,9,907
504,570,4,1074
75,689,5,764
817,623,1,1440
17,261,1,278
983,677,5,1660
983,856,6,1839
610,19,6,629
977,206,8,1183
225,317,1,542
640,579,4,1219
480,549,5,1029
392,360,3,752
939,286,8,1225
483,816,8,1299
328,683,2,1011
855,200,10,1055
162,461,1,623
792,637,5,1429
483,748,5,1231
12,53,7,65
631,179,1,810
706,715,10,1421
92,899,9,991
929,845,6,1774
52,356,9,408
127,408,7,535
634,25,3,659
34,557,6,591
754,277,4,1031
706,379,3,1085
485,189,8,674
327,458,2,785
10,110,3,120
200,801,2,1001
677,429,6,1106
876,318,5,1194
828,0,2,828
879,777,2,1656
363,373,3,736
45,425,10,470
456,131,9,587
0,85,6,85
928,675,7,1603
172,61,5,233
618,264,5,882
485,725,9,1210
618,647,8,1265
983,371,7,1354
978,231,1,1209
182,531,1,713
266,744,9,1010
975,547,3,1522
814,264,10,1078
953,439,2,1392
183,620,8,803
335,702,4,1037
975,751,8,1726
716,395,7,1111
915,501,8,1416
228,521,3,749
145,859,8,1004
582,873,6,1455
265,99,9,364
331,589,2,920
975,977,8,1952
609,351,9,960
559,798,10,1357
331,557,4,888
326,452,9,778
688,863,1,1551
353,874,1,1227
313,735,1,1048
898,356,2,1254
538,71,9,609
260,976,10,1236
187,710,9,897
838,619,3,1457
243,846,5,1089
820,923,4,1743
748,876,10,1624
50,311,1,361
781,831,7,1612
558,490,10,1048
838,987,1,1825
363,903,9,1266
784,722,4,1506
616,53,1,669
450,70,5,520
622,496,10,1118
694,864,8,1558
642,27,4,669
894,163,2,1057
602,730,6,1332
643,20,8,663
556,863,8,1419
88,793,9,881
39,877,3,916
526,155,7,681
226,848,9,1074
546,497,1,1043
631,163,4,794
875,829,8,1704
849,310,5,1159
387,771,1,1158
240,384,5,624
899,206,7,1105
557,507,6,1064
23,598,7,621
589,644,2,1233
435,988,5,1423
571,832,4,1403
243,24,9,267
429,732,5,1161
587,331,1,918
539,946,6,1485
574,122,8,696
171,184,9,355
452,876,4,1328
174,769,3,943
995,853,2,1848
258,739,4,997
785,460,10,1245
573,409,9,982
442,160,10,602
485,401,2,886
450,235,1,685
415,675,8,1090
285,818,5,1103
868,355,7,1223
92,259,3,351
327,999,7,1326
501,155,7,656
170,271,9,441
953,632,9,1585
583,649,2,1232
927,382,8,1309
669,970,7,1639
791,315,10,1106
122,759,5,881
21,184,4,205
498,52,9,550
138,54,4,192
711,335,10,1046
370,786,2,1156
214,41,10,255
376,936,6,1312
444,948,10,1392
261,188,1,449
670,552,9,1222
292,287,8,579
320,584,10,904
578,124,2,702
976,125,5,1101
225,718,9,943
425,828,2,1253
217,532,5,749
493,367,1,860
451,199,8,650
192,710,1,902
271,104,2,375
64,954,5,1018
316,642,6,958
556,60,6,616
60,643,9,703
646,589,7,1235
913,121,5,1034
689,43,5,732
307,260,3,567
149,194,5,343
48,154,1,202
917,750,1,1667
953,185,8,1138
570,388,4,958
936,498,1,1434
659,197,2,856
953,6,10,959
426,305,8,731
954,382,6,1336
456,271,7,727
463,337,9,800
819,910,6,1729
374,550,3,924
521,779,3,1300
834,568,4,1402
892,183,7,1075
567,643,2,1210
21,336,4,357
735,296,5,1031
585,598,3,1183
545,400,1,945
773,676,4,1449
803,711,1,1514
826,747,3,1573
705,246,10,951
106,396,9,502
128,685,8,813
601,948,5,1549
777,88,7,865
18,865,2,883
494,405,6,899
206,629,3,835
65,917,8,982
857,656,4,1513
10,277,3,287
542,992,7,1534
242,852,3,1094
422,263,3,685
454,80,2,534
320,958,9,1278
547,126,2,673
680,57,10,737
632,256,7,888
809,689,1,1498
353,936,10,1289
710,894,9,1604
199,902,8,1101
418,816,4,1234
318,910,1,1228
459,423,9,882
614,545,5,1159
790,960,10,1750
749,570,7,1319
854,834,4,1688
484,649,8,1133
12,137,6,149
908,370,6,1278
118,98,9,216
670,405,2,1075
92,424,8,516
848,56,2,904
718,205,2,923
77,808,4,885
182,443,5,625
351,172,8,523
223,93,8,316
466,708,1,1174
427,408,6,835
843,147,4,990
366,567,8,933
761,810,8,1571
195,391,9,586
93,221,1,314
118,472,1,590
886,636,6,1522
944,2,9,946
177,508,9,685
953,821,2,1774
710,16,2,726
46,204,7,250
827,64,7,891
336,909,8,1245
127,372,2,499
499,210,4,709
567,749,4,1316
474,860,4,1334
345,802,8,1147
808,373,3,1181
417,347,1,764
773,277,1,1050
85,433,10,518
236,605,1,841
513,993,7,1506
706,937,7,1643
314,369,6,683
890,158,5,1048
62,813,8,875
351,714,6,1065
453,577,4,1030
591,726,9,1317
343,619,5,962
474,367,6,841
224,672,8,896
751,9,7,760
415,858,3,1273
48,125,9,173
97,385,5,482
209,520,6,729
306,681,3,987
873,618,9,1491
54,620,9,674
989,530,6,1519
596,115,1,711
997,194,10,1191
323,572,8,895
560,194,2,754
392,463,4,855
474,661,5,1135
14,267,2,281
735,561,4,1296
36,279,4,315
644,823,7,1467
280,324,4,604
93,635,4,728
584,761,7,1345
152,141,9,293
983,815,4,1798
597,865,1,1462
824,612,9,1436
894,918,4,1812
116,127,7,243
314,617,6,931
889,933,4,1822
122,725,7,847
42,587,1,629
622,464,1,1086
674,237,2,911
53,428,9,481
726,813,1,1539
357,707,3,1064
838,567,6,1405
484,748,1,1232
963,901,3,1864
425,165,10,590
62,228,6,290
579,392,9,971
65,486,10,551
899,278,4,1177
559,493,4,1052
689,208,4,897
777,209,8,986
966,768,3,1734
605,723,10,1328
121,779,8,900
396,4,7,400
743,202,6,945
99,304,5,403
115,9,7,124
675,363,10,1038
804,28,5,832
445,147,5,592
512,160,8,672
828,476,5,1304
163,803,6,966
547,371,6,918
203,239,10,442
969,34,4,1003
10,166,6,176
683,87,8,770
298,619,1,917
653,456,3,1109
569,479,9,1048
990,477,10,1467
905,163,1,1068
318,362,4,680
44,534,8,578
770,730,10,1500
636,131,2,767
828,778,9,1606
348,120,5,468
949,558,3,1507
256,502,7,758
548,811,10,1359
405,250,1,655
674,152,6,826
227,66,2,293
569,290,6,859
52,274,9,326
738,189,4,927
805,193,3,998
738,613,3,1351
672,358,4,1030
108,438,1,546
22,940,2,962
365,78,1,443
596,637,2,1233
470,972,7,1442
194,955,2,1149
609,832,10,1441
126,818,8,944
699,180,10,879
184,91,6,275
529,133,6,662
193,418,8,611
187,332,2,519
201,896,3,1097
385,421,8,806
355,971,6,1326
776,766,7,1542
854,905,3,1759
167,550,6,717
373,674,1,1047
557,129,5,686
619,645,5,1264
399,583,9,982
688,944,10,1632
232,864,10,1096
41,599,3,640
278,300,9,578
757,936,6,1693
809,248,1,1057
926,231,6,1157
335,406,7,741
822,922,3,1744
412,500,3,912
934,27,3,961
189,363,7,552
571,710,8,1281
392,439,6,831
655,494,10,1149
818,608,4,1426
376,612,4,988
1,611,2,612
721,735,3,1456
194,427,5,621
799,455,8,1254
23,625,5,648
236,427,5,663
328,51,8,379
252,657,2,909
91,364,9,455
93,683,7,776
83,367,7,450
760,864,7,1624
965,581,9,1546
487,719,7,1206
584,622,4,1206
499,573,9,1072
714,628,9,1342
471,321,5,792
852,233,5,1085
641,16,5,657
893,459,2,1352
874,571,5,1445
290,373,1,663
396,716,4,1112
822,641,8,1463
25,356,9,381
285,940,8,1225
477,556,5,1033
816,888,5,1704
223,412,1,635
30,955,4,985
419,564,6,983
505,427,10,932
585,158,5,743
693,293,2,986
469,998,7,1467
286,732,9,1018
221,393,9,614
879,845,10,1724
634,896,4,1530
425,682,9,1107
209,844,7,1053
296,767,3,1063
389,787,2,1176
713,904,2,1617
588,909,4,1497
256,612,8,868
708,265,6,973
399,821,2,1220
227,809,4,1036
974,587,10,1561
685,847,7,1532
317,342,10,659
729,706,1,1435
927,320,5,1247
660,778,3,1438
118,579,1,697
254,548,1,802
677,941,1,1618
404,156,7,560
709,616,3,1325
419,82,1,501
985,230,1,1215
50,201,5,251
809,472,3,1281
384,444,9,828
462,322,1,784
167,639,6,806
462,845,9,1307
651,746,5,1397
19,98,9,117
227,500,10,727
869,786,10,1655
263,943,7,1206
953,111,4,1064
355,521,1,876
363,54,9,417
172,622,6,794
75,698,5,773
467,78,6,545
33,302,3,335
624,916,2,1540
875,34,9,909
31,257,5,288
212,99,3,311
929,138,4,1067
821,510,1,1331
439,476,5,915
783,386,4,1169
584,560,3,1144
26,638,7,664
341,652,2,993
585,746,5,1331
172,422,5,594
71,93,1,164
121,220,10,341
349,940,4,1289
182,329,10,511
658,226,6,884
259,80,10,339
539,894,9,1433
919,136,4,1055
873,916,9,1789
998,856,3,1854
428,750,10,1178
24,175,6,199
802,221,10,1023
778,669,2,1447
894,147,3,1041
33,265,10,298
478,978,6,1456
980,131,1,1111
630,622,5,1252
561,421,8,982
194,718,9,912
28,361,1,389
351,807,10,1158
312,49,1,361
302,776,5,1078
540,297,2,837
523,594,2,1117
387,614,6,1001
788,124,2,912
467,237,1,704
699,445,8,1144
928,988,3,1916
182,994,3,1176
405,39,9,444
419,380,7,799
104,881,1,985
576,87,7,663
678,647,8,1325
425,961,6,1386
293,880,9,1173
631,180,10,811
483,782,2,1265
770,986,1,1756
588,909,6,1497
994,410,5,1404
606,311,7,917
11,775,9,786
32,517,5,549
243,169,10,412
521,154,9,675
700,318,9,1018
905,463,8,1368
678,677,9,1355
126,179,1,305
62,283,5,345
662,125,8,787
686,730,4,1416
695,9,9,704
738,611,9,1349
941,495,3,1436
26,611,1,637
273,868,3,1141
414,412,5,826
1,341,8,342
9,268,3,277
348,952,4,1300
676,806,1,1482
60,693,7,753
195,28,1,223
410,580,2,990
687,213,6,900
512,809,10,1321
438,731,6,1169
149,603,9,752
801,222,6,1023
333,381,4,714
101,261,8,362
338,393,9,731
631,390,6,1021
160,919,5,1079
998,486,1,1484
236,591,6,827
629,396,2,1025
531,376,5,907
432,633,2,1065
813,89,8,902
652,649,1,1301
147,881,7,1028
825,231,3,1056
240,167,3,407
38,116,6,154
676,586,2,1262
849,789,2,1638
6,648,3,654
251,448,5,699
768,898,1,1666
109,661,9,770
770,912,4,1682
836,449,2,1285
669,893,5,1562
710,593,3,1303
86,555,5,641
652,779,7,1431
91,312,10,403
464,514,2,978
419,560,10,979
268,279,3,547
877,266,3,1143
561,875,6,1436
346,296,3,642
920,628,2,1548
400,359,6,759
357,442,10,799
875,62,8,937
307,118,1,425
134,386,7,520
116,608,7,724
184,325,9,509
733,424,4,1157
92,531,1,623
385,336,3,721
70,776,1,846
798,690,9,1488
864,925,9,1789
310,812,10,1122
740,685,5,1425
2,108,3,110
822,407,3,1229
810,563,5,1373
965,543,9,1508
804,917,2,1721
615,965,10,1580
155,115,3,270
831,566,7,1397
318,51,6,369
981,928,6,1909
297,340,5,637
532,142,6,674
931,787,7,1718
243,358,10,601
481,932,1,1413
84,46,6,130
229,761,10,990
829,781,2,1610
140,620,8,760
606,58,9,664
50,22,2,72
295,51,7,346
28,106,4,134
906,233,10,1139
915,734,4,1649
513,801,6,1314
517,945,3,1462
256,210,3,466
267,615,8,882
760,396,9,1156
205,890,8,1095
155,877,2,1032
317,535,1,852
248,482,8,730
590,620,9,1210
76,362,1,438
484,323,1,807
528,910,8,1438
905,682,7,1587
106,616,6,722
572,319,3,891
57,354,3,411
101,343,1,444
460,400,8,860
832,265,1,1097
954,378,8,1332
86,261,7,347
797,652,6,1449
738,752,8,1490
624,481,9,1105
159,949,9,1108
175,283,10,458
10,823,10,833
735,660,1,1395
67,768,9,835
301,249,6,550
452,779,7,1231
8,325,9,333
333,873,1,1206
224,278,5,502
52,333,2,385
602,226,4,828
636,296,5,932
756,5,10,761
374,215,10,589
846,517,6,1363
382,785,8,1167
197,819,9,1016
72,350,2,422
360,62,6,422
339,562,6,901
66,83,10,149
713,975,8,1688
510,402,6,912
146,65,9,211
674,979,10,1653
366,108,4,474
73,209,9,282
671,800,9,1471
70,133,6,203
300,784,3,1084
29,865,4,894
84,954,10,1038
557,630,10,1187
917,745,7,1662
677,149,2,826
408,798,2,1206
773,804,4,1577
180,569,4,749
137,339,6,476
274,42,10,316
444,29,8,473
671,284,2,955
273,9,4,282
139,771,10,910
709,49,9,758
16,822,4,838
690,916,7,1606
760,65,6,825
265,167,10,432
548,425,2,973
292,611,2,903
54,968,8,1022
852,687,3,1539
329,905,6,1234
961,356,7,1317
196,21,8,217
491,984,2,1475
210,290,6,500
261,688,3,949
168,578,1,746
322,559,8,881
363,786,10,1149
153,919,7,1072
661,668,10,1329
718,242,7,960
226,912,8,1138
383,407,1,790
838,922,3,1760
245,755,5,1000
480,138,8,618
983,347,3,1330
515,28,4,543
253,252,3,505
959,517,10,1476
575,995,10,1570
878,110,5,988
814,188,3,1002
811,895,7,1706
652,790,1,1442
756,688,5,1444
358,349,7,707
628,898,7,1526
950,262,10,1212
403,48,6,451
872,548,8,1420
125,412,7,537
737,815,1,1552
621,887,9,1508
180,226,8,406
266,82,6,348
593,311,4,904
361,922,8,1283
569,820,4,1389
637,509,4,1146
988,374,1,1362
175,85,1,260
482,877,2,1359
248,132,9,380
263,476,1,739
998,560,9,1558
412,446,5,858
970,443,2,1413
152,178,4,330
590,448,6,1038
535,906,1,1441
674,922,5,1596
139,983,7,1122
165,485,4,650
596,263,1,859
788,348,2,1136
843,873,7,1716
851,865,4,1716
361,943,1,1304
850,186,4,1036
701,247,4,948
540,673,6,1213
513,91,4,604
125,333,3,458
135,108,4,243
650,135,8,785
740,538,6,1278
768,451,4,1219
452,368,8,820
933,753,4,1686
583,207,5,790
998,498,6,1496
343,978,7,1321
907,10,8,917
668,71,7,739
38,826,8,864
439,868,2,1307
185,549,10,734
711,22,4,733
927,283,3,1210
969,397,2,1366
363,93,2,456
557,877,8,1434
854,63,3,917
844,889,7,1733
683,899,9,1582
229,426,8,655
431,881,10,1312
717,924,3,1641
471,150,2,621
798,885,10,1683
743,855,3,1598
396,856,8,1252
765,544,1,1309
979,696,3,1675
15,24,6,39
394,834,7,1228
878,495,6,1373
99,631,2,730
198,396,8,594
820,629,5,1449
542,489,1,1031
377,278,1,655
377,601,10,978
515,268,1,783
698,514,10,1212
663,211,10,874
422,971,9,1393
363,742,4,1105
74,450,9,524
866,363,9,1229
477,627,2,1104
481,206,2,687
832,831,8,1663
888,864,2,1752
642,813,6,1455
960,841,9,1801
988,354,1,1342
282,32,6,314
884,906,1,1790
920,865,7,1785
202,702,4,904
626,885,2,1511
901,36,2,937
450,998,5,1448
765,274,5,1039
460,470,6,930
583,470,5,1053
451,501,8,952
58,832,2,890
850,657,3,1507
731,576,9,1307
575,50,9,625
747,574,8,1321
47,325,2,372
910,825,9,1735
904,81,9,985
219,458,3,677
828,667,10,1495
966,851,1,1817
558,324,6,882
872,25,6,897
20,165,5,185
781,105,10,886
551,158,10,709
510,475,7,985
163,182,5,345
855,786,2,1641
776,413,9,1189
166,44,10,210
661,348,5,1009
527,618,9,1145
454,35,3,489
957,581,9,1538
425,306,6,731
829,486,1,1315
905,80,1,985
372,16,5,388
166,27,2,193
823,0,1,823
573,56,5,629
296,86,9,382
2,767,9,769
491,110,7,601
41,248,8,289
485,498,10,983
428,749,10,1177
696,94,4,790
604,556,5,1160
490,497,4,987
317,709,1,1026
823,751,3,1574
707,220,7,927
489,242,4,731
112,545,3,657
347,728,2,1075
663,152,1,815
404,574,5,978
139,234,9,373
594,761,1,1355
369,477,5,846
57,321,3,378
881,156,1,1037
387,175,4,562
895,755,3,1650
36,613,5,649
178,598,1,776
993,355,5,1348
370,470,9,840
788,574,5,1362
969,743,2,1712
542,305,3,847
213,941,9,1154
136,936,3,1072
625,336,2,961
146,540,7,686
335,568,1,903
620,972,10,1592
663,268,9,931
912,713,10,1625
550,637,1,1187
993,707,4,1700
278,724,9,1002
911,856,3,1767
638,512,4,1150
922,818,5,1740
489,561,7,1050
98,994,10,1092
306,309,3,615
746,823,4,1569
337,842,8,1179
447,714,1,1161
650,63,1,713
152,141,9,293
607,170,7,777
787,393,4,1180
565,888,8,1453
588,658,6,1246
355,504,2,859
241,848,8,1089
251,413,10,664
40,826,10,866
649,757,3,1406
472,117,10,589
703,805,6,1508
102,706,6,808
409,168,1,577
437,492,10,929
33,312,7,345
460,97,2,557
443,620,4,1063
599,77,9,676
895,934,1,1829
719,889,7,1608
515,560,6,1075
22,302,4,324
726,830,10,1556
959,807,8,1766
76,255,7,331
382,813,9,1195
26,924,9,950
851,446,6,1297
431,990,1,1421
639,965,2,1604
785,532,8,1317
29,318,7,347
500,382,2,882
367,979,4,1346
284,436,5,720
427,351,7,778
64,716,7,780
99,281,10,380
342,881,3,1223
93,315,9,408
867,991,4,1858
136,556,9,692
793,509,2,1302
422,115,9,537
606,541,4,1147
833,754,10,1587
337,590,2,927
605,665,7,1270
656,144,9,800
434,883,8,1317
676,667,7,1343
400,935,4,1335
396,532,5,928
929,961,2,1890
515,385,8,900
32,851,10,883
89,820,1,909
947,975,3,1922
365,452,4,817
231,436,5,667
726,49,1,775
887,895,6,1782
358,430,8,788
249,22,1,271
306,435,6,741
619,755,10,1374
718,146,6,864
854,593,10,1447
848,215,7,1063
289,981,5,1270
746,332,6,1078
147,92,10,239
890,633,3,1523
986,529,5,1515
532,604,1,1136
244,838,4,1082
39,321,7,360
243,317,5,560
502,435,7,937
850,198,6,1048
916,10,8,926
978,926,4,1904
948,193,5,1141
104,182,7,286
777,186,1,963
17,721,7,738
941,396,10,1337
926,608,2,1534
238,484,8,722
373,522,5,895
37,262,4,299
655,722,9,1377
311,139,8,450
761,507,10,1268
73,256,8,329
379,860,10,1239
241,802,2,1043
772,445,8,1217
11,557,10,568
960,797,7,1757
586,47,2,633
611,348,9,959
341,55,8,396
882,140,5,1022
398,530,7,928
536,644,1,1180
765,329,8,1094
810,621,6,1431
244,280,9,524
412,131,8,543
24,417,1,441
753,353,1,1106
35,777,3,812
182,480,8,662
948,106,6,1054
797,897,10,1694
629,595,9,1224
474,973,9,1447
154,225,3,379
113,345,8,458
37,633,5,670
348,75,5,423
265,813,1,1078
322,447,9,769
114,42,5,156
502,320,7,822
552,564,5,1116
438,684,4,1122
470,318,6,788
385,593,7,978
79,670,3,749
646,905,9,1551
476,433,9,909
91,169,1,260
61,941,7,1002
103,901,8,1004
466,726,1,1192
762,191,9,953
48,587,4,635
819,830,5,1649
87,432,7,519
349,16,9,365
421,589,5,1010
486,497,2,983
238,107,2,345
438,190,5,628
89,654,2,743
527,865,10,1392
829,414,2,1243
352,242,9,594
453,903,1,1356
75,592,5,667
717,127,8,844
366,63,1,429
573,384,3,957
56,342,1,398
649,688,4,1337
254,467,2,721
523,94,3,617
231,276,9,507
524,942,2,1466
132,448,7,580
930,684,2,1614
953,29,10,982
199,85,5,284
399,935,4,1334
165,967,3,1132
539,604,7,1143
128,443,8,571
992,211,1,1203
91,550,1,641
194,842,10,1036
249,326,3,575
431,34,9,465
953,295,3,1248
974,27,2,1001
932,679,9,1611
440,735,9,1175
410,833,2,1243
584,86,1,670
43,912,3,955
253,588,3,841
282,208,3,490
364,460,8,824
708,713,3,1421
560,387,2,947
444,711,7,1155
743,296,8,1039
94,797,2,891
731,777,4,1508
11,189,1,200
711,22,9,733
549,693,5,1242
727,315,5,1042
757,40,2,797
332,422,3,754
855,482,2,1337
95,496,9,591
622,773,10,1395
254,938,3,1192
443,417,6,860
193,146,8,339
515,323,5,838
871,583,7,1454
148,144,7,292
114,430,8,544
913,907,6,1820
796,537,5,1333
976,918,6,1894
172,365,8,537
285,163,6,448
694,689,4,1383
224,630,5,854
876,483,1,1359
488,204,8,692
392,418,2,810
341,741,2,1082
231,193,3,424
204,641,10,845
205,466,10,671
841,869,8,1710
474,941,8,1415
57,29,8,86
892,178,7,1070
169,665,10,834
574,963,9,1537
961,657,3,1618
257,100,6,357
618,385,1,1003
918,103,6,1021
458,760,8,1218
547,208,6,755
161,17,10,178
712,572,3,1284
747,218,2,965
208,203,8,411
627,58,8,685
174,19,3,193
765,168,1,933
898,105,6,1003
385,334,8,719
175,994,9,1169
823,33,2,856
602,693,5,1295
652,821,9,1473
491,487,6,978
978,229,7,1207
466,295,10,761
629,50,9,679
593,246,8,839
4,105,8,109
236,948,3,1184
4,245,3,249
802,721,2,1523
858,868,10,1726
521,883,5,1404
137,814,5,951
639,434,1,1073
810,979,5,1789
716,493,3,1209
302,790,10,1092
598,740,4,1338
96,865,10,961
829,65,5,894
189,280,7,469
829,138,2,967
161,504,4,665
633,591,7,1224
764,491,6,1255
498,846,9,1344
972,260,4,1232
724,634,8,1358
312,7,9,319
200,447,7,647
444,919,9,1363
655,983,2,1638
777,780,5,1557
895,137,7,1032
203,468,2,671
592,714,4,1306
462,26,1,488
446,382,8,828
403,500,5,903
407,725,9,1132
112,359,3,471
598,720,8,1318
740,816,5,1556
265,394,9,659
487,790,6,1277
864,931,7,1795
884,316,5,1200
270,271,9,541
900,24,6,924
919,830,9,1749
187,903,9,1090
393,54,2,447
76,540,5,616
435,492,4,927
469,276,2,745
146,768,5,914
847,336,8,1183
686,353,1,1039
606,572,6,1178
322,530,8,852
201,564,3,765
679,393,10,1072
366,132,2,498
617,518,8,1135
317,605,1,922
211,895,9,1106
628,316,8,944
209,37,1,246
681,871,6,1552
426,678,4,1104
38,805,4,843
886,733,6,1619
183,832,9,1015
151,939,2,1090
372,474,4,846
261,804,6,1065
937,231,7,1168
149,200,1,349
745,265,2,1010
209,502,1,711
621,8,9,629
223,632,6,855
812,917,5,1729
672,649,4,1321
225,304,2,529
759,556,8,1315
565,507,5,1072
908,660,10,1568
51,599,8,650
498,380,2,878
383,941,10,1324
348,480,9,828
18,237,9,255
212,111,5,323
517,460,1,977
814,108,8,922
843,408,3,1251
78,456,9,534
734,677,6,1411
486,320,10,806
293,663,8,956
325,962,3,1287
341,657,2,998
241,804,9,1045
694,766,5,1460
