p,q,f,out
663,198,5,861
643,218,1,861
124,292,4,416
540,959,3,1499
632,531,10,1163
675,741,5,1416
218,454,2,672
255,708,4,963
996,37,2,1033
804,471,2,1275
371,908,1,1279
898,297,3,1195
97,447,1,544
323,583,9,906
164,537,3,701
608,768,6,1376
867,355,2,1222
386,451,4,837
314,988,4,1302
742,599,6,1341
967,789,10,1756
487,594,4,1081
354,560,5,914
155,589,4,744
437,941,4,1378
134,735,9,869
855,722,3,1577
642,394,1,1036
243,835,3,1078
257,705,2,962
577,824,1,1401
300,697,8,997
156,108,7,264
686,774,1,1460
389,637,9,1026
482,190,9,672
153,123,1,276
267,849,10,1116
266,436,5,702
658,122,1,780
565,921,6,1486
868,632,8,1500
458,335,8,793
368,383,6,751
130,749,2,879
992,394,1,1386
207,788,8,995
672,975,3,1647
770,370,4,1140
476,616,6,1092
222,685,9,907
16,44,8,60
295,136,2,431
762,596,10,1358
793,238,6,1031
360,737,2,1097
742,16,1,758
691,995,10,1686
241,30,5,271
132,165,4,297
140,880,1,1020
932,930,2,1862
746,981,4,1727
636,591,6,1227
939,954,7,1893
281,867,8,1148
688,254,9,942
882,150,7,1032
357,134,10,491
920,430,3,1350
260,36,3,296
561,604,8,1165
508,327,8,835
64,394,8,458
648,0,10,648
258,794,1,1052
104,217,7,321
562,192,9,754
771,620,3,1391
991,172,5,1163
624,17,4,641
686,752,3,1438
780,424,3,1204
631,545,6,1176
813,713,5,1526
593,481,9,1074
307,583,8,890
358,268,2,626
369,136,2,505
533,668,6,1201
35,930,3,965
734,787,2,1521
244,741,8,985
168,813,8,981
916,810,8,1726
912,263,6,1175
511,844,8,1355
877,82,9,959
420,749,10,1169
754,368,2,1122
315,652,3,967
728,393,5,1121
372,604,5,976
147,894,6,1041
809,423,3,1232
948,98,3,1046
106,572,8,678
748,416,7,1164
794,194,1,988
12,498,7,510
641,950,4,1591
400,290,1,690
214,434,6,648
417,123,7,540
207,826,7,1033
402,513,1,915
459,877,10,1336
707,216,8,923
156,46,1,202
390,187,5,577
116,510,2,626
642,50,3,692
599,807,1,1406
470,733,6,1203
663,643,3,1306
962,352,3,1314
479,360,4,839
920,384,6,1304
708,895,7,1603
963,129,2,1092
163,439,7,602
762,102,4,864
264,958,2,1222
743,632,10,1375
26,664,4,690
913,404,6,1317
423,626,9,1049
869,151,7,1020
787,16,7,803
444,790,5,1234
358,151,2,509
33,178,6,211
655,585,7,1240
121,79,8,200
134,973,6,1107
187,716,3,903
897,277,7,1174
14,835,2,849
722,692,7,1414
80,597,10,677
913,182,5,1095
904,27,10,931
83,145,3,228
747,658,2,1405
930,342,5,1272
489,790,4,1279
421,891,5,1312
867,785,9,1652
678,211,3,889
235,881,7,1116
736,170,3,906
124,356,3,480
949,949,4,1898
991,199,7,1190
394,401,1,795
723,211,3,934
574,56,7,630
535,97,4,632
802,627,4,1429
708,173,6,881
727,468,4,1195
97,172,1,269
816,282,3,1098
814,594,3,1408
904,624,5,1528
10,830,8,840
459,901,1,1360
546,894,9,1440
108,481,5,589
819,887,2,1706
264,484,7,748
343,502,5,845
238,802,1,1040
489,458,8,947
430,929,1,1359
456,318,10,774
856,635,5,1491
408,181,10,589
917,86,7,1003
158,853,6,1011
504,650,4,1154
327,441,6,768
771,529,7,1300
793,753,3,1546
613,448,4,1061
902,520,1,1422
832,272,2,1104
844,279,5,1123
718,57,7,775
240,327,3,567
443,349,8,792
464,598,2,1062
129,853,9,982
716,461,4,1177
747,317,10,1064
89,526,2,615
149,884,8,1033
278,984,3,1262
982,105,5,1087
909,225,5,1134
825,967,10,1792
529,438,5,967
460,593,4,1053
377,558,9,935
284,261,9,545
900,960,5,1860
535,819,10,1354
98,620,1,718
857,39,3,896
200,640,6,840
173,625,2,798
721,917,8,1638
667,268,6,935
37,82,9,119
824,167,9,991
20,975,6,995
468,670,10,1138
231,934,6,1165
906,414,8,1320
49,41,4,90
908,398,4,1306
681,862,2,1543
549,127,6,676
466,245,5,711
257,659,6,916
771,849,9,1620
748,7,1,755
31,685,6,716
693,950,4,1643
193,351,10,544
33,557,5,590
836,922,5,1758
10,345,4,355
65,732,5,797
94,412,3,506
915,381,1,1296
871,376,1,1247
196,672,8,868
236,29,3,265
649,840,3,1489
663,492,5,1155
802,717,3,1519
394,344,2,738
43,437,5,480
174,95,3,269
892,905,2,1797
74,381,7,455
796,791,8,1587
150,610,8,760
990,26,1,1016
25,262,3,287
311,686,7,997
646,814,2,1460
398,387,9,785
835,199,1,1034
423,419,2,842
378,836,3,1214
282,968,2,1250
861,733,8,1594
577,223,2,800
606,508,2,1114
734,619,9,1353
783,17,5,800
275,733,8,1008
849,472,3,1321
653,217,4,870
157,880,9,1037
476,962,3,1438
664,936,9,1600
733,521,9,1254
741,162,7,903
444,834,1,1278
357,994,4,1351
990,771,4,1761
108,715,4,823
503,757,7,1260
941,105,7,1046
948,805,7,1753
164,987,5,1151
858,184,1,1042
627,383,10,1010
805,805,9,1610
679,634,6,1313
834,255,8,1089
535,402,10,937
494,533,1,1027
22,187,6,209
647,721,1,1368
934,762,1,1696
193,833,10,1026
407,927,5,1334
617,551,4,1168
266,936,2,1202
392,888,7,1280
725,736,3,1461
359,859,4,1218
30,326,7,356
872,561,5,1433
990,732,4,1722
313,485,2,798
187,761,3,948
250,357,5,607
784,68,4,852
563,756,8,1319
673,636,1,1309
316,492,10,808
335,316,9,651
108,884,3,992
501,576,2,1077
875,217,9,1092
15,596,9,611
668,721,3,1389
488,877,5,1365
211,583,6,794
101,708,1,809
849,462,8,1311
39,52,4,91
91,659,7,750
876,4,7,880
932,826,2,1758
111,21,5,132
757,922,4,1679
100,588,2,688
423,34,6,457
229,605,2,834
175,928,3,1103
565,469,7,1034
96,186,6,282
452,641,8,1093
914,124,3,1038
283,722,1,1005
761,803,3,1564
148,505,9,653
490,505,5,995
659,973,6,1632
828,149,7,977
806,728,4,1534
672,585,8,1257
149,3,4,152
231,865,4,1096
764,634,3,1398
813,129,5,942
609,532,9,1141
587,966,3,1553
53,344,5,397
390,12,3,402
366,753,6,1119
32,31,3,63
759,392,4,1151
274,664,5,938
703,67,7,770
541,519,8,1060
51,430,9,481
527,811,1,1338
811,614,9,1425
75,979,2,1054
953,144,1,1097
182,551,6,733
721,282,9,1003
559,83,8,642
46,19,9,65
648,818,2,1466
690,478,5,1168
348,256,1,604
385,542,3,927
437,409,1,846
631,932,3,1563
804,854,4,1658
642,162,5,804
994,783,9,1777
357,965,1,1322
434,437,1,871
900,644,7,1544
674,51,3,725
271,102,9,373
601,226,7,827
147,890,9,1037
204,779,1,983
398,681,7,1079
47,168,3,215
656,516,1,1172
358,743,5,1101
286,835,8,1121
749,540,4,1289
747,778,7,1525
692,588,6,1280
861,902,10,1763
856,188,2,1044
196,747,4,943
622,744,4,1366
157,99,2,256
590,745,5,1335
652,908,1,1560
27,669,7,696
648,396,2,1044
348,894,9,1242
317,47,10,364
559,48,4,607
548,302,1,850
109,365,3,474
241,840,3,1081
676,167,9,843
185,199,8,384
190,339,2,529
386,955,5,1341
829,945,1,1774
845,651,2,1496
886,189,9,1075
602,106,4,708
256,677,8,933
75,391,10,466
491,672,4,1163
684,860,9,1544
668,234,4,902
381,81,4,462
497,125,6,622
73,200,9,273
943,468,8,1411
601,808,4,1409
496,81,8,577
751,760,10,1511
795,6,6,801
221,173,5,394
729,869,1,1598
296,812,8,1108
903,338,2,1241
226,106,1,332
408,316,10,724
709,946,5,1655
303,8,7,311
965,965,6,1930
244,56,4,300
553,214,4,767
604,464,6,1068
745,112,8,857
661,147,8,808
387,674,3,1061
247,180,1,427
892,645,10,1537
967,787,3,1754
966,352,2,1318
657,229,8,886
958,635,1,1593
189,630,10,819
119,433,8,552
714,853,10,1567
50,655,5,705
709,514,6,1223
677,126,3,803
137,511,3,648
365,712,6,1077
281,84,5,365
867,553,5,1420
188,752,2,940
677,191,7,868
562,936,8,1498
497,108,10,605
167,834,9,1001
607,543,3,1150
237,611,7,848
432,388,9,820
543,300,3,843
832,966,7,1798
349,227,6,576
676,441,9,1117
497,304,3,801
230,531,7,761
165,826,8,991
974,18,8,992
116,296,5,412
538,206,5,744
804,516,9,1320
420,101,1,521
744,825,7,1569
623,249,2,872
219,887,7,1106
779,634,3,1413
596,734,10,1330
897,135,2,1032
442,734,4,1176
959,749,9,1708
708,882,7,1590
997,880,1,1877
589,270,9,859
749,871,6,1620
356,911,4,1267
832,22,5,854
133,447,8,580
85,203,5,288
474,244,9,718
755,781,8,1536
131,407,9,538
886,849,7,1735
34,940,9,974
874,481,2,1355
676,978,2,1654
494,906,4,1400
54,67,2,121
187,203,5,390
605,139,10,744
305,352,5,657
9,3,7,12
910,44,4,954
193,147,10,340
639,745,9,1384
406,134,1,540
676,312,8,988
178,885,9,1063
281,63,5,344
832,553,6,1385
571,96,7,667
682,510,5,1192
43,42,6,85
0,644,2,644
397,797,7,1194
900,431,4,1331
211,609,7,820
558,319,1,877
496,19,10,515
194,422,6,616
577,194,7,771
363,126,4,489
47,13,5,60
169,313,10,482
846,599,9,1445
981,538,1,1519
542,684,10,1226
520,413,1,933
666,749,8,1415
819,51,5,870
95,348,9,443
399,436,5,835
448,255,2,703
135,541,6,676
87,417,5,504
416,763,5,1179
435,254,3,689
148,231,7,379
892,57,8,949
166,746,9,912
924,164,3,1088
337,711,3,1048
513,644,3,1157
598,29,1,627
503,962,9,1465
88,759,2,847
1,235,6,236
440,599,6,1039
84,808,3,892
198,946,2,1144
213,861,10,1074
218,216,3,434
11,839,1,850
123,424,8,547
221,368,7,589
812,235,6,1047
845,834,7,1679
267,225,2,492
638,325,8,963
188,969,6,1157
694,940,1,1634
490,751,6,1241
835,227,8,1062
565,13,5,578
861,697,8,1558
292,286,8,578
567,400,1,967
489,495,5,984
925,216,3,1141
390,985,9,1375
303,644,5,947
33,892,9,925
254,974,2,1228
787,751,3,1538
232,138,9,370
903,413,7,1316
633,558,6,1191
970,947,6,1917
654,889,7,1543
595,561,10,1156
613,702,10,1315
705,871,6,1576
784,835,3,1619
184,831,5,1015
573,511,3,1084
859,806,8,1665
152,172,10,324
30,49,4,79
351,627,1,978
958,717,1,1675
276,391,3,667
742,468,3,1210
657,971,8,1628
455,554,8,1009
300,342,10,642
96,120,4,216
28,745,7,773
448,507,1,955
45,368,9,413
193,783,3,976
588,76,8,664
102,204,9,306
451,808,5,1259
580,315,9,895
609,505,9,1114
170,0,7,170
201,917,9,1118
765,158,2,923
543,272,4,815
329,64,6,393
778,477,7,1255
630,984,10,1614
624,569,2,1193
124,123,9,247
182,126,6,308
763,734,3,1497
363,763,5,1126
918,730,9,1648
794,956,8,1750
659,224,10,883
961,857,2,1818
28,235,10,263
270,805,3,1075
398,701,2,1099
126,552,5,678
587,324,9,911
894,924,7,1818
762,947,6,1709
799,279,1,1078
741,533,8,1274
438,91,7,529
981,539,4,1520
900,890,6,1790
64,645,8,709
661,699,8,1360
524,135,8,659
485,294,10,779
21,494,5,515
212,753,10,965
569,691,8,1260
669,367,10,1036
10,218,10,228
489,833,3,1322
369,285,2,654
975,235,6,1210
95,271,4,366
678,75,6,753
532,741,2,1273
164,406,8,570
303,231,1,534
702,696,8,1398
111,357,2,468
270,83,5,353
553,734,2,1287
860,918,3,1778
673,213,7,886
733,440,4,1173
766,720,9,1486
984,913,3,1897
26,635,10,661
222,793,4,1015
685,358,3,1043
741,610,8,1351
916,643,1,1559
766,993,8,1759
750,737,7,1487
724,904,6,1628
206,962,6,1168
15,351,7,366
636,656,8,1292
752,866,6,1618
323,285,10,608
258,542,8,800
580,968,7,1548
659,306,2,965
212,353,10,565
655,267,4,922
72,848,8,920
314,7,10,321
308,539,5,847
253,263,5,516
313,478,4,791
853,532,5,1385
636,623,8,1259
252,104,8,356
197,56,2,253
281,232,9,513
676,149,8,825
661,155,4,816
632,768,6,1400
534,213,7,747
883,325,9,1208
707,570,3,1277
307,265,9,572
591,423,10,1014
878,704,2,1582
436,706,9,1142
776,509,4,1285
220,962,1,1182
797,749,8,1546
845,745,10,1590
971,658,2,1629
916,92,1,1008
829,252,5,1081
803,942,5,1745
168,602,3,770
59,975,4,1034
173,285,9,458
346,516,6,862
106,931,7,1037
993,984,5,1977
273,714,5,987
106,104,8,210
332,441,9,773
60,852,6,912
249,12,10,261
252,114,8,366
571,811,10,1382
432,668,3,1100
694,677,5,1371
824,694,8,1518
494,592,3,1086
588,830,7,1418
902,795,3,1697
719,116,9,835
871,816,10,1687
394,518,2,912
684,303,5,987
263,819,10,1082
604,443,7,1047
672,832,9,1504
690,475,3,1165
621,235,10,856
407,785,7,1192
135,569,3,704
937,621,6,1558
131,59,6,190
809,152,1,961
982,803,8,1785
330,532,8,862
591,580,4,1171
426,338,6,764
347,206,10,553
504,742,4,1246
249,470,10,719
895,700,8,1595
970,277,2,1247
132,52,4,184
576,203,8,779
117,662,8,779
837,386,2,1223
454,289,1,743
582,292,4,874
114,915,1,1029
234,243,4,477
158,626,7,784
871,847,5,1718
348,10,3,358
313,456,10,769
406,308,8,714
621,44,10,665
866,194,8,1060
709,114,5,823
74,471,8,545
197,903,2,1100
847,254,2,1101
485,891,6,1376
982,550,7,1532
229,644,4,873
550,995,10,1545
375,772,5,1147
73,808,2,881
778,501,7,1279
969,225,1,1194
721,562,6,1283
597,175,5,772
806,160,2,966
204,414,7,618
924,872,4,1796
501,31,6,532
798,395,7,1193
998,167,9,1165
631,503,5,1134
526,737,10,1263
182,725,8,907
330,907,7,1237
492,27,5,519
214,624,8,838
698,282,2,980
853,390,10,1243
46,921,3,967
382,880,2,1262
399,502,6,901
18,224,4,242
563,694,2,1257
749,510,10,1259
175,193,9,368
709,506,8,1215
708,124,4,832
255,153,7,408
506,642,8,1148
623,307,3,930
41,705,7,746
614,343,9,957
882,10,2,892
983,875,8,1858
720,174,6,894
16,479,2,495
974,245,6,1219
380,879,2,1259
581,755,4,1336
426,17,8,443
662,625,1,1287
697,965,3,1662
741,908,5,1649
935,912,7,1847
907,83,6,990
53,658,3,711
104,966,3,1070
774,341,7,1115
541,987,7,1528
883,121,9,1004
855,469,8,1324
562,412,4,974
402,880,9,1282
667,745,4,1412
295,372,4,667
575,356,10,931
649,87,10,736
239,769,7,1008
375,984,1,1359
0,696,4,696
545,728,1,1273
617,528,3,1145
352,582,7,934
139,855,9,994
117,776,9,893
796,974,9,1770
944,998,8,1942
101,864,2,965
575,430,2,1005
732,676,9,1408
158,289,3,447
81,265,5,346
437,680,1,1117
842,112,5,954
60,896,10,956
832,27,5,859
411,877,5,1288
669,832,7,1501
141,36,7,177
23,886,3,909
564,229,7,793
410,678,4,1088
30,376,4,406
98,961,2,1059
523,152,6,675
377,342,4,719
9,639,7,648
766,460,9,1226
652,99,6,751
227,600,4,827
873,823,7,1696
80,641,7,721
510,912,1,1422
737,833,9,1570
525,487,10,1012
55,98,2,153
773,545,8,1318
337,114,4,451
861,636,8,1497
720,687,2,1407
688,143,10,831
236,276,3,512
243,490,3,733
726,497,8,1223
505,647,4,1152
278,970,3,1248
465,341,4,806
462,108,9,570
684,688,7,1372
978,618,7,1596
194,508,2,702
404,344,5,748
197,93,1,290
485,394,9,879
969,804,10,1773
486,28,5,514
758,435,2,1193
219,492,9,711
393,984,10,1377
307,217,7,524
719,137,5,856
656,581,9,1237
924,952,6,1876
401,811,3,1212
766,851,9,1617
646,684,7,1330
735,170,3,905
28,513,3,541
885,80,8,965
801,811,8,1612
268,633,10,901
270,809,1,1079
657,212,3,869
716,863,10,1579
699,544,4,1243
747,443,4,1190
713,66,4,779
383,43,4,426
780,511,9,1291
865,567,3,1432
167,275,2,442
406,916,10,1322
872,563,4,1435
927,9,9,936
14,922,3,936
575,870,6,1445
847,189,2,1036
390,847,4,1237
538,217,4,755
183,642,7,825
920,472,5,1392
850,494,5,1344
0,95,8,95
699,186,4,885
196,388,10,584
745,864,4,1609
844,850,5,1694
598,324,1,922
144,247,5,391
383,438,1,821
922,153,6,1075
987,907,3,1894
265,841,8,1106
523,686,2,1209
691,719,9,1410
457,688,2,1145
216,597,3,813
202,803,2,1005
417,285,7,702
610,579,4,1189
532,286,8,818
411,95,8,506
92,75,3,167
554,136,10,690
968,494,5,1462
192,779,2,971
943,999,10,1942
478,573,10,1051
171,645,1,816
665,897,2,1562
865,178,1,1043
256,83,4,339
948,266,8,1214
446,150,8,596
777,120,3,897
181,812,10,993
550,281,1,831
923,751,3,1674
935,954,1,1889
516,547,2,1063
38,462,4,500
984,608,5,1592
488,45,4,533
624,68,7,692
764,812,9,1576
586,191,8,777
58,408,9,466
606,684,1,1290
164,991,2,1155
412,652,2,1064
180,701,5,881
118,464,5,582
260,574,10,834
121,925,5,1046
537,896,5,1433
884,19,8,903
405,940,10,1345
386,817,10,1203
34,841,7,875
148,684,1,832
523,183,9,706
261,274,5,535
422,220,1,642
127,162,4,289
227,193,3,420
866,299,3,1165
13,269,5,282
438,165,5,603
568,408,9,976
462,194,3,656
726,300,6,1026
130,273,4,403
411,521,10,932
69,644,7,713
88,829,3,917
883,963,6,1846
274,880,10,1154
69,528,9,597
767,123,10,890
314,1,8,315
166,543,4,709
46,783,5,829
148,572,10,720
605,462,6,1067
650,301,4,951
599,831,6,1430
320,326,10,646
12,878,1,890
662,403,6,1065
69,162,2,231
887,995,9,1882
29,725,8,754
744,573,5,1317
608,463,4,1071
672,581,2,1253
235,788,5,1023
779,503,8,1282
463,203,10,666
171,568,10,739
656,87,6,743
493,985,7,1478
895,82,1,977
44,564,1,608
45,947,4,992
446,233,10,679
986,652,5,1638
428,398,5,826
802,49,4,851
23,638,10,661
77,72,7,149
802,455,2,1257
370,987,6,1357
618,511,8,1129
753,408,5,1161
275,775,7,1050
176,44,1,220
583,50,9,633
243,686,1,929
263,943,7,1206
51,184,7,235
749,622,8,1371
171,834,1,1005
610,2,2,612
706,158,3,864
602,346,1,948
91,435,10,526
382,264,3,646
949,796,8,1745
135,57,5,192
691,813,5,1504
844,704,8,1548
669,177,3,846
7,251,6,258
470,210,10,680
623,349,1,972
983,830,6,1813
343,663,7,1006
605,2,10,607
603,115,8,718
475,62,10,537
711,372,8,1083
57,219,8,276
40,361,4,401
621,547,4,1168
957,283,4,1240
110,683,3,793
445,135,7,580
213,950,2,1163
456,391,10,847
246,518,1,764
86,112,2,198
56,19,4,75
9,885,6,894
174,510,5,684
889,969,3,1858
458,542,9,1000
762,24,2,786
448,719,10,1167
920,625,4,1545
5,552,10,557
373,79,3,452
355,486,7,841
477,303,4,780
195,522,10,717
985,215,1,1200
624,247,6,871
602,216,7,818
900,409,1,1309
114,808,4,922
907,118,8,1025
306,45,6,351
140,437,7,577
515,186,3,701
55,574,3,629
31,77,7,108
309,745,1,1054
528,787,4,1315
76,179,5,255
381,378,9,759
140,264,4,404
909,759,4,1668
450,377,5,827
842,301,2,1143
868,860,5,1728
192,643,6,835
998,963,9,1961
205,463,9,668
785,813,9,1598
975,856,5,1831
49,143,7,192
397,347,3,744
570,874,8,1444
112,813,6,925
87,561,7,648
85,155,6,240
709,111,8,820
286,194,4,480
665,610,8,1275
81,206,5,287
886,776,5,1662
991,311,1,1302
962,766,6,1728
854,626,5,1480
426,423,1,849
523,73,9,596
145,349,1,494
593,550,6,1143
554,420,10,974
521,161,8,682
637,958,7,1595
868,510,9,1378
648,385,10,1033
482,642,3,1124
539,572,10,1111
383,448,5,831
139,838,5,977
957,56,3,1013
880,224,3,1104
340,952,4,1292
424,569,7,993
210,218,3,428
970,71,5,1041
745,662,9,1407
629,615,1,1244
174,414,9,588
399,843,9,1242
166,592,10,758
681,841,7,1522
354,127,4,481
335,395,6,730
503,372,8,875
566,315,3,881
162,652,4,814
668,70,6,738
747,714,8,1461
402,582,5,984
465,517,2,982
398,438,3,836
146,284,5,430
168,428,3,596
515,440,4,955
695,63,8,758
930,897,5,1827
483,202,6,685
965,600,8,1565
438,706,4,1144
554,141,2,695
829,738,1,1567
197,956,4,1153
844,430,5,1274
40,341,4,381
606,742,7,1348
906,617,5,1523
588,201,8,789
515,792,8,1307
501,725,1,1226
210,487,7,697
348,131,4,479
278,431,4,709
883,174,5,1057
48,671,6,719
232,918,10,1150
645,42,5,687
741,634,7,1375
158,625,8,783
410,127,1,537
595,363,2,958
784,88,10,872
765,626,7,1391
218,846,8,1064
852,549,9,1401
602,370,2,972
503,947,8,1450
618,763,1,1381
95,225,6,320
960,258,3,1218
404,180,5,584
972,443,6,1415
540,962,3,1502
271,507,2,778
635,963,3,1598
722,453,3,1175
537,208,6,745
1,346,1,347
776,359,4,1135
276,942,6,1218
528,155,9,683
283,983,1,1266
134,114,5,248
875,970,9,1845
700,118,2,818
679,997,4,1676
152,764,7,916
961,926,10,1887
405,929,8,1334
710,131,8,841
283,539,5,822
855,388,10,1243
362,670,2,1032
445,634,1,1079
236,515,2,751
998,393,2,1391
904,147,4,1051
89,105,9,194
606,281,10,887
246,374,4,620
39,254,2,293
392,197,3,589
460,890,2,1350
516,525,1,1041
301,657,7,958
563,267,5,830
949,554,10,1503
169,722,1,891
982,917,8,1899
873,993,1,1866
321,446,1,767
690,817,3,1507
248,873,4,1121
612,324,4,936
353,539,3,892
109,967,1,1076
629,421,5,1050
975,960,6,1935
292,493,5,785
662,765,1,1427
329,843,3,1172
175,980,4,1155
935,881,8,1816
937,256,7,1193
143,256,5,399
448,35,3,483
114,170,2,284
283,8,10,291
174,468,6,642
29,816,6,845
224,382,3,606
715,819,10,1534
454,632,4,1086
643,258,1,901
277,477,9,754
422,55,3,477
920,660,1,1580
363,611,9,974
90,388,9,478
731,822,10,1553
72,533,8,605
703,866,3,1569
810,311,8,1121
617,605,10,1222
258,74,1,332
819,403,4,1222
383,466,9,849
175,119,2,294
768,890,10,1658
796,810,8,1606
295,470,5,765
468,389,2,857
492,324,4,816
845,393,7,1238
377,424,6,801
376,137,3,513
219,397,2,616
483,552,7,1035
187,309,10,496
409,293,5,702
75,622,2,697
80,172,8,252
657,67,6,724
62,411,1,473
431,620,6,1051
9,319,8,328
717,410,9,1127
396,895,10,1291
470,744,2,1214
886,934,3,1820
246,952,4,1198
758,770,5,1528
252,724,7,976
173,765,3,938
292,839,6,1131
814,635,9,1449
710,540,5,1250
922,227,10,1149
648,64,1,712
402,316,7,718
227,713,5,940
16,62,9,78
357,164,4,521
902,247,3,1149
869,501,8,1370
919,67,7,986
934,212,5,1146
978,717,4,1695
416,380,1,796
694,485,9,1179
373,499,7,872
119,882,4,1001
327,87,7,414
937,590,1,1527
177,802,3,979
709,514,5,1223
737,669,10,1406
17,788,10,805
980,95,10,1075
959,936,1,1895
497,708,1,1205
220,803,4,1023
229,629,5,858
235,557,1,792
488,607,5,1095
622,818,2,1440
399,815,2,1214
93,83,9,176
208,596,2,804
584,656,1,1240
196,817,6,1013
521,710,6,1231
660,441,10,1101
720,275,4,995
785,986,10,1771
978,738,5,1716
529,972,6,1501
358,560,4,918
764,537,4,1301
255,199,1,454
876,190,3,1066
511,647,10,1158
228,293,6,521
881,605,1,1486
496,304,5,800
568,310,2,878
274,173,6,447
235,55,5,290
307,361,5,668
743,480,8,1223
35,578,6,613
263,479,2,742
753,594,5,1347
48,399,9,447
385,169,6,554
636,301,7,937
844,70,4,914
540,97,4,637
622,805,5,1427
24,762,4,786
54,589,1,643
701,196,6,897
57,893,10,950
837,181,9,1018
582,123,8,705
859,145,3,1004
818,265,5,1083
406,68,4,474
491,398,8,889
415,481,9,896
888,230,5,1118
285,819,10,1104
0,657,5,657
295,654,10,949
169,891,9,1060
434,389,4,823
284,293,4,577
878,692,4,1570
164,867,9,1031
832,674,1,1506
471,925,6,1396
39,3,8,42
107,56,5,163
441,174,2,615
242,0,6,242
987,459,6,1446
86,387,7,473
436,454,8,890
579,728,5,1307
523,747,6,1270
457,165,8,622
277,911,2,1188
567,838,1,1405
970,584,8,1554
386,351,6,737
355,514,10,869
364,915,8,1279
607,679,4,1286
981,645,5,1626
245,571,10,816
318,167,8,485
344,669,10,1013
703,224,8,927
723,536,5,1259
405,27,2,432
763,57,4,820
395,142,1,537
791,194,3,985
735,887,9,1622
905,433,9,1338
519,188,8,707
318,446,2,764
909,141,6,1050
224,890,9,1114
718,482,4,1200
293,908,9,1201
808,834,8,1642
773,529,6,1302
925,420,8,1345
418,882,4,1300
635,301,7,936
772,979,1,1751
51,577,9,628
288,732,3,1020
446,914,6,1360
862,983,7,1845
208,554,3,762
260,814,4,1074
96,212,3,308
207,286,5,493
404,416,6,820
545,342,6,887
376,226,2,602
614,86,7,700
453,301,9,754
159,787,5,946
638,512,5,1150
965,396,3,1361
565,52,7,617
408,530,8,938
373,796,9,1169
453,18,5,471
349,981,9,1330
561,11,2,572
231,145,6,376
894,212,7,1106
381,21,4,402
95,695,2,790
138,271,7,409
485,5,6,490
150,598,4,748
115,468,10,583
689,736,6,1425
111,252,2,363
718,865,10,1583
793,634,3,1427
911,345,10,1256
512,512,3,1024
262,398,7,660
121,300,5,421
274,827,3,1101
98,147,8,245
326,498,7,824
794,483,5,1277
999,293,4,1292
513,300,8,813
930,687,4,1617
677,142,6,819
210,932,6,1142
202,111,5,313
930,183,7,1113
654,259,2,913
329,672,10,1001
124,700,7,824
967,850,8,1817
385,539,6,924
703,360,2,1063
902,341,2,1243
902,288,1,1190
917,75,7,992
28,387,6,415
354,637,6,991
951,494,8,1445
584,594,4,1178
940,47,10,987
758,841,9,1599
771,113,8,884
61,949,4,1010
937,751,3,1688
183,521,8,704
187,186,4,373
108,255,9,363
505,82,5,587
440,921,4,1361
987,193,8,1180
177,9,3,186
249,685,8,934
140,170,2,310
154,254,9,408
300,888,1,1188
756,261,6,1017
309,438,3,747
592,556,4,1148
230,46,6,276
405,248,5,653
700,220,3,920
689,282,7,971
886,178,2,1064
500,15,3,515
287,251,9,538
849,312,8,1161
54,469,1,523
3,587,9,590
175,618,8,793
319,763,4,1082
691,335,4,1026
18,101,3,119
972,519,4,1491
936,31,9,967
771,648,10,1419
853,238,9,1091
219,728,6,947
845,368,1,1213
498,344,1,842
469,154,10,623
956,923,4,1879
54,377,10,431
444,226,3,670
808,812,9,1620
960,811,10,1771
0,181,2,181
966,797,6,1763
749,30,7,779
755,803,10,1558
843,492,3,1335
170,331,9,501
155,972,6,1127
348,594,2,942
503,980,5,1483
55,713,2,768
327,948,6,1275
801,911,8,1712
422,300,10,722
432,492,9,924
673,476,8,1149
369,717,7,1086
803,447,9,1250
264,964,10,1228
30,635,3,665
12,373,8,385
184,976,5,1160
306,421,8,727
619,836,9,1455
214,21,2,235
66,351,7,417
460,667,6,1127
999,248,2,1247
312,161,2,473
250,152,5,402
27,934,8,961
511,3,8,514
903,559,5,1462
971,92,1,1063
958,441,7,1399
57,735,1,792
766,387,1,1153
865,646,3,1511
317,998,4,1315
991,267,1,1258
428,977,2,1405
38,754,8,792
331,999,2,1330
805,825,10,1630
251,413,1,664
546,581,9,1127
731,780,3,1511
365,701,3,1066
810,956,6,1766
294,569,9,863
916,353,6,1269
628,1,1,629
393,755,5,1148
198,727,3,925
680,111,6,791
143,87,8,230
608,66,7,674
432,170,4,602
628,328,5,956
73,246,10,319
396,536,5,932
124,295,7,419
6,338,6,344
698,921,10,1619
12,608,10,620
441,766,6,1207
403,165,10,568
209,864,1,1073
866,440,5,1306
136,285,6,421
449,976,1,1425
580,696,2,1276
912,69,1,981
791,562,8,1353
328,607,9,935
712,511,2,1223
412,758,1,1170
536,471,4,1007
199,960,10,1159
280,75,2,355
758,690,2,1448
397,744,1,1141
596,932,3,1528
435,523,2,958
433,522,6,955
20,41,7,61
774,276,6,1050
300,102,7,402
452,218,4,670
444,784,5,1228
863,796,1,1659
319,733,7,1052
962,301,8,1263
771,292,6,1063
931,395,1,1326
250,405,1,655
296,516,3,812
596,581,8,1177
440,574,4,1014
177,119,2,296
306,454,3,760
216,525,9,741
472,97,4,569
131,99,5,230
458,785,10,1243
606,988,4,1594
866,950,6,1816
989,885,3,1874
271,768,4,1039
380,114,8,494
877,992,7,1869
322,432,6,754
522,194,10,716
686,966,1,1652
239,412,9,651
946,445,8,1391
771,965,5,1736
533,513,5,1046
232,640,1,872
974,141,8,1115
462,4,10,466
398,363,7,761
637,271,9,908
688,377,9,1065
559,757,4,1316
33,908,3,941
203,980,3,1183
628,8,5,636
602,846,10,1448
409,592,10,1001
281,387,4,668
861,157,2,1018
374,679,4,1053
552,70,1,622
965,397,4,1362
53,638,9,691
842,473,4,1315
215,310,5,525
286,934,9,1220
396,723,4,1119
993,955,2,1948
17,490,2,507
619,35,10,654
486,180,2,666
584,771,6,1355
492,399,8,891
509,148,9,657
839,739,2,1578
275,4,2,279
219,809,4,1028
446,638,8,1084
362,282,9,644
643,213,4,856
544,754,10,1298
764,411,2,1175
894,241,2,1135
854,111,7,965
795,593,6,1388
585,827,4,1412
93,701,5,794
623,332,2,955
961,666,8,1627
780,703,10,1483
919,629,10,1548
429,449,6,878
273,994,8,1267
919,932,8,1851
293,132,5,425
863,776,2,1639
641,927,9,1568
835,77,1,912
188,161,1,349
483,805,10,1288
673,263,4,936
532,266,7,798
670,771,5,1441
363,519,10,882
905,34,7,939
716,549,7,1265
590,219,1,809
958,739,9,1697
193,741,10,934
477,933,5,1410
572,48,3,620
639,19,9,658
183,301,5,484
626,905,8,1531
241,6,7,247
922,313,1,1235
989,253,4,1242
788,17,8,805
139,764,3,903
882,976,7,1858
61,890,10,951
358,766,9,1124
625,40,5,665
48,264,3,312
379,741,9,1120
232,179,8,411
690,9,7,699
839,788,1,1627
897,451,10,1348
555,557,7,1112
351,223,4,574
314,472,1,786
519,429,9,948
206,232,10,438
398,658,10,1056
358,212,8,570
34,256,3,290
490,119,5,609
656,125,5,781
612,681,8,1293
727,276,1,1003
978,422,7,1400
4,223,3,227
770,233,6,1003
296,53,10,349
242,287,3,529
190,656,9,846
26,574,8,600
578,878,1,1456
643,650,10,1293
146,641,4,787
141,673,5,814
997,951,4,1948
317,700,10,1017
16,761,3,777
809,711,5,1520
223,797,8,1020
572,832,9,1404
461,209,6,670
587,914,2,1501
53,197,6,250
492,406,5,898
345,992,7,1337
477,685,5,1162
943,188,10,1131
343,801,1,1144
531,399,6,930
390,921,4,1311
383,48,2,431
569,505,5,1074
589,636,2,1225
956,941,3,1897
544,968,2,1512
1,910,4,911
252,587,9,839
691,710,5,1401
785,714,4,1499
343,103,4,446
134,907,10,1041
760,425,7,1185
183,186,9,369
420,70,10,490
372,163,10,535
99,653,8,752
995,292,3,1287
982,261,3,1243
357,469,3,826
94,474,3,568
797,282,2,1079
745,692,3,1437
750,515,2,1265
290,531,2,821
198,376,2,574
907,201,3,1108
362,484,4,846
532,283,9,815
599,481,8,1080
679,952,10,1631
850,428,4,1278
966,840,4,1806
170,966,4,1136
942,609,8,1551
664,738,3,1402
66,642,5,708
325,637,9,962
376,575,9,951
852,802,3,1654
420,72,1,492
754,157,9,911
53,496,1,549
937,157,1,1094
478,283,4,761
88,874,10,962
369,955,8,1324
125,94,9,219
895,394,8,1289
546,532,5,1078
30,280,8,310
433,105,3,538
809,252,6,1061
244,980,4,1224
756,523,6,1279
211,41,1,252
722,655,6,1377
826,876,5,1702
548,999,9,1547
651,861,5,1512
335,782,2,1117
359,237,9,596
709,122,3,831
467,883,5,1350
703,463,9,1166
275,811,2,1086
619,329,1,948
233,595,6,828
251,946,9,1197
319,294,8,613
578,510,1,1088
702,983,2,1685
615,422,2,1037
265,158,3,423
83,598,9,681
525,587,8,1112
77,126,3,203
259,706,5,965
695,417,9,1112
259,513,10,772
308,381,8,689
854,487,9,1341
385,841,6,1226
976,611,4,1587
420,302,7,722
924,441,9,1365
739,132,8,871
237,576,4,813
902,230,7,1132
418,289,5,707
130,483,2,613
961,564,3,1525
689,841,8,1530
237,959,8,1196
61,516,9,577
413,456,9,869
990,540,5,1530
382,323,2,705
492,526,5,1018
136,418,6,554
101,893,2,994
182,437,3,619
553,177,2,730
201,752,6,953
726,548,6,1274
867,327,4,1194
731,187,4,918
999,824,6,1823
495,668,2,1163
901,949,9,1850
731,10,6,741
905,44,1,949
893,788,4,1681
970,66,9,1036
140,178,6,318
991,477,9,1468
981,548,6,1529
253,699,9,952
758,775,5,1533
489,457,5,946
148,685,1,833
373,253,8,626
292,182,4,474
355,397,8,752
826,827,5,1653
228,935,7,1163
818,602,5,1420
943,755,4,1698
793,927,7,1720
305,46,4,351
353,459,4,812
19,962,4,981
680,782,9,1462
162,662,3,824
896,635,3,1531
718,556,9,1274
387,268,3,655
570,709,8,1279
231,498,1,729
344,105,7,449
989,605,1,1594
316,702,2,1018
764,870,10,1634
524,628,9,1152
111,273,3,384
746,385,4,1131
427,906,7,1333
139,913,6,1052
637,373,1,1010
363,111,9,474
450,187,2,637
597,706,9,1303
812,927,3,1739
108,688,8,796
60,885,6,945
193,570,7,763
803,840,9,1643
170,229,2,399
771,394,10,1165
736,272,2,1008
517,145,1,662
466,574,9,1040
82,595,6,677
906,979,2,1885
222,940,4,1162
146,960,4,1106
418,126,9,544
413,867,1,1280
512,176,8,688
771,29,8,800
729,534,8,1263
595,681,1,1276
969,509,7,1478
690,713,4,1403
776,584,10,1360
606,175,6,781
468,293,2,761
28,84,7,112
229,52,5,281
9,620,2,629
538,411,10,949
621,599,6,1220
173,53,8,226
909,591,10,1500
43,539,3,582
655,303,1,958
302,209,9,511
932,48,2,980
266,475,6,741
66,532,1,598
268,112,3,380
992,919,7,1911
992,437,10,1429
117,588,3,705
43,464,2,507
352,401,3,753
411,998,10,1409
850,753,5,1603
780,19,5,799
40,882,1,922
198,768,3,966
850,980,5,1830
930,956,3,1886
799,9,2,808
442,673,1,1115
372,116,3,488
105,316,6,421
508,820,5,1328
25,630,5,655
495,948,1,1443
81,225,8,306
559,289,2,848
686,23,8,709
91,710,6,801
408,144,1,552
31,89,5,120
43,80,5,123
427,870,3,1297
538,981,7,1519
549,722,2,1271
992,45,9,1037
709,459,7,1168
767,111,10,878
130,909,4,1039
945,197,5,1142
971,721,4,1692
203,286,6,489
879,720,5,1599
504,487,2,991
575,549,2,1124
906,275,10,1181
545,517,9,1062
718,961,8,1679
56,548,7,604
255,176,4,431
550,840,5,1390
384,334,7,718
593,798,9,1391
902,486,4,1388
806,395,7,1201
328,393,2,721
249,47,5,296
865,510,2,1375
976,635,4,1611
164,820,1,984
174,439,10,613
303,993,7,1296
358,710,5,1068
207,582,7,789
540,819,10,1359
706,550,4,1256
564,283,7,847
324,131,6,455
132,246,5,378
326,430,6,756
367,143,10,510
565,973,2,1538
219,608,8,827
420,61,4,481
649,194,7,843
400,231,3,631
548,644,2,1192
749,562,3,1311
16,539,8,555
841,128,1,969
77,683,4,760
156,141,5,297
925,923,1,1848
675,481,4,1156
487,957,5,1444
489,637,3,1126
316,836,7,1152
854,59,7,913
180,150,10,330
509,582,6,1091
360,300,4,660
896,940,4,1836
796,31,1,827
777,287,7,1064
995,37,2,1032
677,691,4,1368
362,675,9,1037
458,477,7,935
751,636,4,1387
431,928,1,1359
780,652,4,1432
633,766,4,1399
381,604,7,985
899,873,2,1772
681,212,3,893
646,484,1,1130
998,999,7,1997
545,980,5,1525
890,563,8,1453
663,145,9,808
384,323,6,707
371,170,6,541
477,812,1,1289
932,93,2,1025
246,687,9,933
398,81,9,479
319,814,7,1133
457,200,10,657
359,299,7,658
332,777,7,1109
165,438,5,603
618,949,9,1567
470,797,9,1267
697,69,9,766
234,704,8,938
267,161,7,428
28,605,5,633
277,545,7,822
520,318,5,838
837,397,9,1234
504,75,5,579
305,447,4,752
211,433,7,644
62,194,3,256
953,774,9,1727
451,569,3,1020
10,900,2,910
966,911,8,1877
591,550,9,1141
270,721,1,991
670,56,10,726
629,459,1,1088
661,80,4,741
752,715,7,1467
879,0,10,879
8,601,1,609
289,263,8,552
330,804,4,1134
652,282,2,934
844,876,6,1720
529,595,1,1124
549,721,6,1270
769,491,4,1260
216,383,5,599
327,848,1,1175
12,120,1,132
500,717,8,1217
922,185,8,1107
19,803,6,822
221,637,6,858
30,769,10,799
181,366,1,547
42,777,5,819
266,558,7,824
435,700,2,1135
812,649,2,1461
88,115,1,203
536,995,5,1531
780,888,4,1668
896,734,3,1630
712,854,10,1566
502,632,8,1134
872,817,9,1689
105,950,10,1055
381,993,2,1374
852,42,9,894
482,141,4,623
454,327,8,781
64,92,9,156
413,464,1,877
115,971,7,1086
471,43,7,514
216,197,7,413
164,184,5,348
72,308,7,380
425,547,1,972
209,792,6,1001
853,828,4,1681
597,462,2,1059
673,181,5,854
984,881,10,1865
484,140,1,624
18,565,9,583
692,491,1,1183
506,991,3,1497
107,332,4,439
809,901,2,1710
839,959,10,1798
754,537,5,1291
956,141,1,1097
760,172,3,932
738,357,7,1095
304,122,3,426
427,90,6,517
142,325,6,467
537,120,2,657
285,875,5,1160
519,208,5,727
59,821,8,880
476,230,7,706
344,933,3,1277
290,376,3,666
555,526,10,1081
492,270,4,762
638,369,10,1007
579,25,1,604
177,423,10,600
650,454,1,1104
427,117,3,544
815,364,9,1179
264,775,1,1039
685,315,8,1000
277,616,4,893
498,695,3,1193
318,521,7,839
633,733,2,1366
753,46,5,799
901,65,5,966
172,497,6,669
776,720,5,1496
704,518,2,1222
69,300,1,369
311,657,5,968
297,0,6,297
417,604,8,1021
34,635,2,669
924,279,1,1203
234,465,3,699
376,541,8,917
137,652,6,789
598,437,8,1035
848,891,10,1739
774,637,8,1411
437,64,2,501
532,11,1,543
610,846,8,1456
573,288,10,861
26,979,5,1005
67,39,1,106
470,39,1,509
691,445,3,1136
868,507,2,1375
330,57,5,387
629,533,4,1162
685,38,2,723
603,818,3,1421
18,981,2,999
326,540,4,866
248,484,10,732
909,30,9,939
210,621,6,831
765,919,8,1684
83,836,5,919
224,685,4,909
15,656,5,671
843,420,3,1263
627,399,6,1026
957,559,1,1516
12,993,7,1005
942,962,4,1904
551,699,8,1250
618,393,8,1011
486,225,8,711
53,672,4,725
163,97,10,260
972,59,5,1031
993,408,1,1401
425,909,8,1334
341,573,10,914
868,632,3,1500
529,616,8,1145
237,201,5,438
188,595,6,783
128,819,9,947
85,988,3,1073
425,490,4,915
416,516,10,932
816,170,3,986
153,831,4,984
799,600,1,1399
664,696,5,1360
833,83,3,916
112,388,4,500
705,413,2,1118
936,635,10,1571
464,609,8,1073
772,241,1,1013
423,315,10,738
933,169,2,1102
453,879,3,1332
636,135,6,771
725,690,3,1415
688,391,4,1079
334,130,8,464
889,941,10,1830
32,467,9,499
366,723,10,1089
948,705,4,1653
980,609,7,1589
819,693,1,1512
300,519,1,819
333,820,8,1153
42,425,3,467
297,192,1,489
739,69,2,808
841,526,5,1367
76,788,4,864
198,203,7,401
936,996,9,1932
56,680,10,736
969,525,3,1494
813,49,5,862
68,53,9,121
873,168,7,1041
949,573,5,1522
121,765,4,886
492,893,2,1385
99,564,2,663
310,412,1,722
12,298,3,310
86,136,3,222
602,476,2,1078
19,625,10,644
721,29,5,750
694,999,4,1693
910,856,7,1766
44,510,9,554
77,870,7,947
280,200,1,480
706,312,10,1018
511,471,6,982
387,778,5,1165
672,573,7,1245
405,841,3,1246
409,712,3,1121
162,217,6,379
683,815,10,1498
113,112,2,225
468,28,3,496
746,543,8,1289
915,73,6,988
297,523,6,820
563,441,7,1004
49,521,6,570
825,566,10,1391
948,541,5,1489
515,747,9,1262
375,528,10,903
960,634,9,1594
19,148,1,167
486,961,2,1447
797,212,7,1009
280,198,4,478
594,508,6,1102
115,290,5,405
150,687,8,837
717,981,2,1698
457,306,2,763
239,380,3,619
74,300,10,374
784,602,3,1386
99,485,9,584
327,664,8,991
549,716,4,1265
932,654,7,1586
112,648,7,760
682,946,3,1628
975,741,3,1716
976,794,1,1770
872,114,1,986
291,231,4,522
204,619,10,823
817,111,1,928
446,265,10,711
979,552,1,1531
643,431,4,1074
464,634,8,1098
281,632,7,913
269,261,7,530
474,515,5,989
74,940,6,1014
882,510,8,1392
324,555,10,879
449,648,7,1097
890,866,2,1756
130,282,2,412
192,858,4,1050
644,424,2,1068
980,283,7,1263
153,459,10,612
440,868,3,1308
289,565,5,854
382,459,8,841
405,649,1,1054
986,56,1,1042
413,102,9,515
144,457,1,601
521,114,2,635
560,301,5,861
315,588,4,903
248,198,7,446
949,475,6,1424
575,518,3,1093
129,341,7,470
971,109,3,1080
736,639,4,1375
853,975,6,1828
169,817,3,986
219,744,6,963
929,984,10,1913
497,945,4,1442
231,566,4,797
100,351,5,451
32,818,7,850
171,807,4,978
256,665,7,921
379,205,7,584
804,754,6,1558
40,569,9,609
733,528,8,1261
202,898,10,1100
763,641,10,1404
319,131,6,450
964,582,7,1546
365,220,8,585
593,145,2,738
835,773,2,1608
175,724,1,899
602,720,1,1322
104,997,4,1101
149,528,9,677
359,433,7,792
902,109,6,1011
252,204,5,456
635,307,5,942
340,892,8,1232
493,585,10,1078
495,174,10,669
172,891,4,1063
633,542,3,1175
935,633,8,1568
169,301,7,470
590,649,3,1239
878,708,6,1586
366,360,4,726
773,85,9,858
269,960,3,1229
205,351,7,556
201,105,1,306
228,54,3,282
532,961,5,1493
733,387,9,1120
713,69,10,782
557,138,7,695
451,414,10,865
625,963,9,1588
639,353,8,992
649,509,7,1158
39,186,2,225
238,326,3,564
688,418,1,1106
806,152,6,958
47,341,3,388
194,645,10,839
702,778,4,1480
103,900,3,1003
591,496,10,1087
136,694,2,830
276,772,5,1048
884,354,1,1238
110,685,4,795
138,80,6,218
21,107,3,128
771,472,6,1243
516,840,2,1356
861,971,9,1832
711,641,4,1352
933,357,1,1290
417,614,10,1031
307,936,2,1243
65,204,4,269
646,374,5,1020
822,872,9,1694
294,229,6,523
415,185,8,600
227,769,1,996
156,528,2,684
366,858,10,1224
860,642,3,1502
867,179,8,1046
601,317,1,918
134,895,5,1029
180,980,7,1160
270,227,2,497
471,519,9,990
671,97,3,768
554,403,10,957
515,842,9,1357
99,745,2,844
292,922,3,1214
912,260,9,1172
591,415,6,1006
152,483,5,635
70,517,7,587
636,196,2,832
857,503,10,1360
320,742,7,1062
23,345,1,368
629,294,6,923
774,523,4,1297
843,558,8,1401
267,261,10,528
558,376,5,934
678,217,7,895
38,593,6,631
265,810,7,1075
15,448,9,463
73,580,2,653
25,314,5,339
424,886,1,1310
624,7,1,631
162,902,10,1064
554,522,10,1076
789,629,1,1418
15,566,8,581
287,305,9,592
616,391,3,1007
377,851,7,1228
302,782,6,1084
498,434,9,932
627,445,10,1072
104,332,10,436
924,358,1,1282
531,909,3,1440
727,923,10,1650
113,363,9,476
94,26,1,120
729,722,10,1451
832,177,6,1009
579,425,5,1004
502,434,8,936
578,868,10,1446
337,16,8,353
552,504,6,1056
874,664,6,1538
579,997,7,1576
176,397,10,573
830,522,7,1352
359,878,10,1237
854,386,4,1240
773,183,10,956
476,470,4,946
354,844,2,1198
375,515,1,890
222,3,7,225
652,563,5,1215
76,353,7,429
670,699,1,1369
66,623,4,689
623,201,5,824
877,359,10,1236
966,577,10,1543
781,851,5,1632
443,52,5,495
327,199,5,526
640,609,9,1249
512,469,4,981
928,870,6,1798
993,949,2,1942
404,662,5,1066
745,325,7,1070
282,116,3,398
389,463,8,852
86,231,9,317
342,382,4,724
968,680,9,1648
84,933,6,1017
16,996,4,1012
416,677,5,1093
295,104,5,399
690,234,5,924
439,700,10,1139
48,781,4,829
647,107,10,754
183,240,3,423
136,306,5,442
377,75,10,452
636,16,9,652
112,174,7,286
245,800,1,1045
323,648,6,971
283,436,3,719
67,425,9,492
461,337,3,798
743,543,3,1286
243,630,9,873
623,210,6,833
263,785,3,1048
609,677,4,1286
176,954,4,1130
814,335,5,1149
369,989,7,1358
740,313,5,1053
439,496,10,935
302,519,6,821
559,894,6,1453
717,651,8,1368
182,483,9,665
723,579,9,1302
429,778,4,1207
200,166,1,366
5,815,10,820
744,986,9,1730
553,821,1,1374
732,831,2,1563
305,788,10,1093
302,671,1,973
309,254,7,563
99,256,6,355
530,133,6,663
151,846,5,997
353,799,9,1152
821,239,4,1060
399,24,6,423
614,888,5,1502
516,1,6,517
476,737,5,1213
759,353,10,1112
646,641,6,1287
477,430,8,907
558,129,3,687
209,468,3,677
967,48,10,1015
859,660,9,1519
558,853,1,1411
887,597,2,1484
551,842,10,1393
922,131,2,1053
142,705,8,847
573,569,3,1142
415,711,10,1126
194,972,3,1166
650,407,9,1057
937,155,4,1092
416,196,1,612
334,460,5,794
559,78,2,637
143,770,8,913
863,130,5,993
107,550,7,657
960,804,10,1764
440,197,3,637
422,552,5,974
555,472,5,1027
883,935,1,1818
551,449,9,1000
23,969,10,992
521,670,9,1191
35,374,8,409
134,808,4,942
715,786,5,1501
289,841,7,1130
938,914,1,1852
201,885,2,1086
232,622,8,854
349,871,10,1220
174,506,5,680
579,287,6,866
22,992,5,1014
338,807,1,1145
927,552,6,1479
794,63,2,857
345,499,4,844
603,488,7,1091
928,893,7,1821
216,995,3,1211
444,159,2,603
763,403,4,1166
29,151,1,180
93,582,5,675
925,422,4,1347
983,886,1,1869
199,604,7,803
130,284,2,414
521,671,4,1192
83,198,10,281
380,319,9,699
294,431,1,725
202,414,3,616
613,474,2,1087
54,499,9,553
796,203,5,999
564,352,2,916
920,528,7,1448
842,613,7,1455
618,761,8,1379
930,365,8,1295
471,176,10,647
422,214,3,636
737,171,1,908
902,588,1,1490
943,428,3,1371
94,485,6,579
63,9,6,72
177,559,5,736
144,468,2,612
390,232,6,622
75,833,1,908
251,461,7,712
817,751,1,1568
626,4,7,630
954,333,8,1287
520,10,4,530
173,981,5,1154
995,378,9,1373
45,392,1,437
189,294,1,483
488,180,10,668
97,942,2,1039
781,487,6,1268
258,29,8,287
116,614,4,730
995,150,7,1145
943,504,1,1447
951,854,10,1805
611,838,1,1449
252,593,9,845
440,278,4,718
359,748,4,1107
724,323,4,1047
325,906,2,1231
824,121,6,945
602,381,5,983
873,136,3,1009
253,71,1,324
711,944,3,1655
717,637,4,1354
715,833,7,1548
322,41,8,363
579,612,6,1191
86,630,6,716
665,45,4,710
976,880,10,1856
57,179,6,236
216,200,3,416
480,777,1,1257
240,450,10,690
812,109,5,921
131,799,10,930
748,52,6,800
526,343,8,869
294,582,9,876
671,330,6,1001
648,352,9,1000
194,886,4,1080
964,154,7,1118
720,398,6,1118
531,303,10,834
654,280,3,934
646,304,4,950
272,189,8,461
555,416,10,971
431,511,7,942
633,968,8,1601
37,418,7,455
970,504,3,1474
692,501,7,1193
81,679,6,760
22,223,3,245
647,541,5,1188
249,777,8,1026
900,30,4,930
470,656,10,1126
519,189,9,708
182,48,1,230
527,128,1,655
132,961,6,1093
632,493,3,1125
290,368,7,658
142,639,3,781
209,950,2,1159
383,675,10,1058
193,486,2,679
320,982,10,1302
31,779,3,810
157,872,2,1029
777,224,10,1001
12,718,1,730
171,384,2,555
111,828,7,939
782,51,9,833
790,73,7,863
884,332,8,1216
407,794,5,1201
831,692,4,1523
514,808,9,1322
267,969,9,1236
92,261,7,353
458,658,9,1116
988,945,2,1933
6,206,5,212
251,600,5,851
402,884,9,1286
187,897,2,1084
722,83,7,805
203,452,5,655
40,625,1,665
348,581,7,929
929,930,9,1859
312,114,1,426
459,903,9,1362
215,422,6,637
625,478,2,1103
639,796,9,1435
420,166,6,586
505,385,9,890
273,606,10,879
444,857,1,1301
391,691,4,1082
55,460,10,515
831,919,8,1750
319,494,6,813
341,408,6,749
697,646,8,1343
531,672,8,1203
947,989,2,1936
646,891,3,1537
13,523,2,536
397,201,3,598
292,562,10,854
218,85,6,303
913,669,6,1582
502,32,6,534
661,339,2,1000
730,558,2,1288
604,826,10,1430
826,201,3,1027
368,582,7,950
890,220,9,1110
553,115,10,668
475,515,2,990
408,312,6,720
81,534,1,615
304,454,6,758
302,436,2,738
420,274,1,694
204,508,9,712
275,934,4,1209
857,548,9,1405
701,466,1,1167
256,312,10,568
299,754,2,1053
852,902,2,1754
607,405,5,1012
842,119,6,961
12,474,5,486
31,397,3,428
292,17,9,309
228,485,9,713
207,983,9,1190
361,619,9,980
319,288,9,607
321,621,2,942
510,231,6,741
746,835,9,1581
210,99,2,309
100,812,6,912
386,865,4,1251
743,747,5,1490
389,374,2,763
178,902,5,1080
901,192,2,1093
269,260,2,529
569,375,1,944
959,682,6,1641
651,887,2,1538
902,572,2,1474
643,617,2,1260
406,442,5,848
826,371,2,1197
122,143,9,265
20,424,2,444
585,313,2,898
4,91,5,95
797,828,2,1625
535,770,4,1305
586,500,8,1086
126,741,5,867
382,572,1,954
750,928,6,1678
423,94,4,517
253,50,8,303
906,313,3,1219
196,34,1,230
466,231,10,697
105,483,2,588
325,103,8,428
481,414,10,895
497,350,9,847
132,297,5,429
623,233,2,856
784,984,10,1768
323,194,3,517
942,626,1,1568
762,149,1,911
726,756,8,1482
170,922,2,1092
878,89,9,967
135,445,1,580
290,265,3,555
319,678,6,997
391,43,7,434
121,712,6,833
558,16,10,574
127,718,8,845
529,236,3,765
255,929,6,1184
80,270,5,350
448,898,5,1346
861,42,3,903
387,799,2,1186
562,722,6,1284
724,543,9,1267
100,43,8,143
937,550,1,1487
357,778,4,1135
601,434,2,1035
195,752,7,947
361,214,2,575
57,994,1,1051
718,102,7,820
754,775,10,1529
618,712,2,1330
142,17,3,159
984,353,10,1337
245,2,5,247
816,876,2,1692
523,87,1,610
70,840,1,910
338,537,7,875
740,983,1,1723
774,836,3,1610
563,952,4,1515
143,759,3,902
344,463,10,807
575,804,7,1379
773,385,2,1158
495,748,6,1243
356,932,1,1288
31,482,3,513
528,499,7,1027
436,7,1,443
762,128,8,890
598,142,7,740
358,596,4,954
957,955,6,1912
643,749,6,1392
284,719,5,1003
841,193,8,1034
606,417,10,1023
618,27,6,645
739,87,4,826
399,665,10,1064
849,949,6,1798
305,764,3,1069
17,818,10,835
390,381,4,771
852,838,6,1690
3,727,3,730
555,941,3,1496
95,880,1,975
823,456,1,1279
570,649,4,1219
879,256,8,1135
468,190,5,658
556,841,9,1397
450,693,9,1143
564,171,2,735
757,219,10,976
460,865,5,1325
433,647,8,1080
583,982,8,1565
891,747,7,1638
568,533,7,1101
45,648,7,693
511,579,4,1090
401,731,6,1132
504,885,10,1389
815,129,8,944
515,855,10,1370
126,396,9,522
503,95,3,598
893,216,8,1109
605,954,6,1559
229,246,10,475
519,473,3,992
144,550,8,694
312,375,6,687
527,277,3,804
95,995,4,1090
45,791,10,836
475,519,3,994
518,359,5,877
527,228,3,755
575,522,3,1097
342,383,1,725
619,512,1,1131
902,241,5,1143
39,784,1,823
0,661,9,661
20,359,3,379
845,239,5,1084
948,436,8,1384
231,738,6,969
29,994,5,1023
227,679,2,906
845,766,7,1611
947,716,3,1663
55,683,2,738
204,321,6,525
658,357,2,1015
34,945,10,979
694,466,9,1160
228,837,10,1065
540,735,5,1275
371,231,6,602
790,230,3,1020
764,542,5,1306
864,539,5,1403
503,396,7,899
61,960,1,1021
992,818,9,1810
306,314,10,620
691,100,6,791
473,327,5,800
541,235,9,776
390,174,3,564
97,204,2,301
873,662,6,1535
970,993,7,1963
390,881,5,1271
299,185,5,484
395,793,6,1188
226,241,2,467
979,881,2,1860
29,508,5,537
274,459,1,733
707,175,5,882
285,13,5,298
47,239,9,286
112,493,7,605
386,369,10,755
922,369,5,1291
298,969,2,1267
554,82,9,636
735,472,10,1207
838,950,3,1788
627,374,7,1001
791,566,2,1357
70,845,9,915
646,266,6,912
559,640,6,1199
643,333,2,976
976,85,2,1061
19,14,8,33
695,0,1,695
395,862,9,1257
934,659,7,1593
271,368,10,639
898,934,2,1832
858,150,9,1008
879,663,4,1542
745,610,7,1355
893,989,6,1882
374,935,5,1309
110,800,1,910
805,480,3,1285
905,63,6,968
567,603,5,1170
162,83,4,245
856,746,8,1602
450,759,2,1209
777,917,4,1694
843,59,7,902
513,312,5,825
136,721,1,857
143,185,7,328
931,101,5,1032
24,121,3,145
635,590,8,1225
521,716,1,1237
254,809,3,1063
884,715,6,1599
938,138,9,1076
593,276,7,869
759,907,8,1666
897,561,8,1458
54,548,9,602
417,804,5,1221
193,368,3,561
733,555,2,1288
264,82,10,346
173,732,10,905
388,853,9,1241
913,386,3,1299
80,57,10,137
626,982,3,1608
179,776,10,955
612,59,10,671
68,850,8,918
558,252,10,810
192,742,6,934
927,531,2,1458
770,90,7,860
27,961,7,988
992,347,1,1339
213,39,10,252
30,967,8,997
597,554,10,1151
416,765,2,1181
636,402,9,1038
154,409,7,563
511,409,3,920
145,973,6,1118
110,778,6,888
348,522,8,870
10,299,8,309
322,759,5,1081
828,247,1,1075
569,590,3,1159
738,52,8,790
814,446,7,1260
165,129,6,294
828,808,1,1636
150,914,10,1064
332,418,3,750
516,918,9,1434
602,207,9,809
117,847,6,964
700,102,9,802
931,717,6,1648
887,612,1,1499
477,722,1,1199
837,934,1,1771
935,796,5,1731
917,941,8,1858
699,259,4,958
428,463,4,891
389,116,1,505
884,754,3,1638
616,173,4,789
437,909,1,1346
260,728,10,988
543,931,4,1474
739,638,7,1377
670,828,7,1498
399,125,7,524
677,971,5,1648
852,882,4,1734
761,203,5,964
218,60,4,278
528,616,6,1144
253,591,1,844
983,725,4,1708
151,930,9,1081
735,101,9,836
505,58,9,563
247,380,10,627
618,723,3,1341
968,746,6,1714
238,344,10,582
127,81,9,208
134,699,4,833
93,10,6,103
494,857,2,1351
718,442,4,1160
336,838,9,1174
286,248,3,534
491,271,4,762
383,914,7,1297
975,262,8,1237
432,347,3,779
825,640,2,1465
637,808,9,1445
154,16,7,170
350,255,2,605
796,756,10,1552
211,573,5,784
580,265,7,845
792,899,2,1691
178,333,1,511
84,224,10,308
744,390,3,1134
437,632,3,1069
232,2,9,234
724,133,6,857
667,347,7,1014
126,855,2,981
993,891,9,1884
414,890,7,1304
780,853,1,1633
34,266,8,300
602,789,9,1391
188,672,6,860
801,12,6,813
227,885,10,1112
534,986,7,1520
709,181,2,890
122,381,4,503
607,488,2,1095
561,410,7,971
889,361,10,1250
366,439,7,805
490,436,3,926
784,480,7,1264
215,956,7,1171
999,917,5,1916
465,379,3,844
245,93,2,338
59,70,10,129
33,606,2,639
840,91,9,931
836,144,3,980
574,783,6,1357
853,426,1,1279
255,851,10,1106
473,810,10,1283
711,470,8,1181
903,848,2,1751
864,99,2,963
253,220,2,473
988,699,10,1687
616,724,4,1340
815,216,8,1031
313,503,2,816
576,460,4,1036
466,927,5,1393
270,797,5,1067
30,480,4,510
426,410,8,836
297,708,1,1005
966,102,6,1068
311,823,5,1134
7,708,6,715
967,935,1,1902
551,770,7,1321
484,392,10,876
585,423,1,1008
982,435,10,1417
766,393,8,1159
425,751,9,1176
774,485,7,1259
136,162,7,298
19,342,4,361
873,864,4,1737
427,448,3,875
686,422,6,1108
538,555,5,1093
518,83,8,601
396,301,2,697
64,219,1,283
255,60,7,315
870,485,6,1355
1,961,2,962
115,63,2,178
840,817,8,1657
798,474,8,1272
554,355,4,909
436,293,1,729
966,323,6,1289
716,895,2,1611
180,406,1,586
570,480,8,1050
558,615,7,1173
840,316,2,1156
466,799,4,1265
694,528,8,1222
769,589,3,1358
561,998,3,1559
279,529,5,808
387,717,4,1104
270,18,3,288
794,124,6,918
570,378,7,948
687,906,9,1593
843,820,6,1663
248,263,9,511
748,791,4,1539
787,411,9,1198
915,393,5,1308
339,896,7,1235
924,207,9,1131
692,140,6,832
992,718,2,1710
36,185,1,221
158,149,8,307
409,387,3,796
957,737,9,1694
512,442,9,954
520,916,8,1436
749,860,3,1609
688,911,6,1599
995,89,8,1084
248,498,5,746
943,862,9,1805
103,210,5,313
581,290,6,871
689,776,1,1465
937,619,8,1556
439,799,5,1238
40,513,1,553
443,196,2,639
141,315,9,456
767,751,2,1518
509,586,9,1095
732,18,4,750
464,742,7,1206
512,180,9,692
840,507,8,1347
783,773,7,1556
738,60,6,798
82,646,7,728
166,880,6,1046
310,889,5,1199
788,990,4,1778
717,369,1,1086
932,449,6,1381
758,516,5,1274
88,61,8,149
620,414,3,1034
378,862,7,1240
617,285,2,902
342,283,2,625
695,815,5,1510
141,624,6,765
26,410,8,436
635,374,4,1009
83,616,4,699
813,506,3,1319
882,700,9,1582
432,187,2,619
504,19,3,523
798,224,6,1022
371,303,10,674
435,397,9,832
801,808,1,1609
556,575,2,1131
978,17,1,995
310,290,8,600
508,958,9,1466
835,686,3,1521
875,314,1,1189
267,545,1,812
976,559,6,1535
763,960,3,1723
511,493,2,1004
34,55,7,89
146,721,4,867
657,155,2,812
745,684,9,1429
315,168,10,483
868,930,2,1798
174,58,2,232
407,503,10,910
5,717,7,722
387,55,3,442
570,198,9,768
52,861,1,913
314,982,2,1296
649,237,1,886
60,335,3,395
489,643,4,1132
505,285,9,790
405,89,1,494
188,970,1,1158
140,155,9,295
865,264,3,1129
517,593,7,1110
800,196,5,996
114,296,9,410
292,700,6,992
55,836,9,891
820,99,6,919
846,759,4,1605
213,972,8,1185
806,100,10,906
853,661,10,1514
11,517,1,528
643,50,9,693
193,683,7,876
415,388,4,803
264,570,6,834
540,177,10,717
633,281,1,914
142,686,4,828
148,460,6,608
458,586,2,1044
659,0,10,659
632,417,3,1049
831,32,5,863
986,244,4,1230
480,911,7,1391
621,501,9,1122
672,893,7,1565
989,685,3,1674
90,580,9,670
52,516,3,568
50,916,5,966
653,828,7,1481
270,53,8,323
661,643,2,1304
329,716,2,1045
96,347,6,443
512,695,8,1207
544,443,1,987
395,786,6,1181
813,533,4,1346
25,68,3,93
77,837,7,914
119,897,1,1016
812,318,7,1130
733,926,1,1659
518,983,1,1501
810,269,5,1079
19,937,1,956
912,608,2,1520
770,843,9,1613
657,203,6,860
566,211,9,777
998,226,6,1224
516,960,9,1476
371,360,8,731
126,655,10,781
124,462,7,586
255,246,1,501
276,577,8,853
553,187,2,740
617,415,4,1032
163,11,6,174
818,367,6,1185
271,727,5,998
690,228,10,918
252,352,4,604
75,420,7,495
852,981,5,1833
80,399,4,479
760,778,9,1538
112,281,3,393
248,650,5,898
548,904,2,1452
269,449,6,718
896,82,5,978
438,812,6,1250
159,784,10,943
901,503,3,1404
407,937,2,1344
958,465,3,1423
379,492,1,871
430,539,5,969
193,677,9,870
508,378,10,886
261,653,2,914
614,897,7,1511
636,801,10,1437
362,898,5,1260
269,453,10,722
663,996,4,1659
74,609,7,683
966,223,10,1189
431,385,1,816
936,927,1,1863
331,308,4,639
653,230,8,883
952,458,4,1410
35,640,2,675
695,141,10,836
480,366,8,846
403,175,2,578
343,277,5,620
366,284,5,650
365,537,5,902
709,794,7,1503
908,949,9,1857
848,532,8,1380
708,38,9,746
742,747,9,1489
588,41,5,629
959,304,4,1263
200,738,6,938
413,316,1,729
481,322,4,803
591,520,2,1111
75,755,10,830
29,871,7,900
26,396,10,422
933,64,1,997
17,765,5,782
296,937,2,1233
437,329,2,766
843,200,2,1043
793,261,1,1054
567,796,9,1363
660,630,8,1290
553,221,2,774
312,33,6,345
738,846,4,1584
700,984,1,1684
779,789,2,1568
307,75,3,382
238,306,8,544
298,840,9,1138
533,285,6,818
127,552,4,679
163,6,1,169
179,550,1,729
358,236,10,594
576,246,8,822
930,686,7,1616
623,165,9,788
362,276,9,638
6,652,10,658
968,156,3,1124
739,463,1,1202
599,680,2,1279
483,296,10,779
222,468,10,690
604,654,10,1258
84,702,8,786
130,790,4,920
441,270,2,711
549,939,9,1488
942,146,9,1088
263,860,5,1123
308,737,9,1045
125,106,6,231
804,651,8,1455
848,87,3,935
840,200,9,1040
607,311,1,918
51,378,10,429
452,816,7,1268
773,693,3,1466
689,253,10,942
140,761,7,901
60,866,1,926
597,426,1,1023
999,914,4,1913
157,18,7,175
42,892,10,934
719,379,7,1098
542,206,10,748
130,480,9,610
938,130,2,1068
250,429,1,679
178,755,6,933
39,327,4,366
937,310,9,1247
970,787,9,1757
919,439,4,1358
511,131,8,642
61,226,6,287
931,547,10,1478
541,919,8,1460
868,758,10,1626
727,403,6,1130
68,868,10,936
903,680,2,1583
555,115,6,670
826,250,6,1076
655,334,10,989
428,582,5,1010
219,293,1,512
682,718,2,1400
511,134,9,645
718,936,5,1654
352,757,6,1109
753,890,8,1643
509,135,8,644
640,398,3,1038
985,612,9,1597
395,464,8,859
637,664,5,1301
981,489,10,1470
821,634,8,1455
69,752,4,821
781,783,10,1564
847,199,3,1046
27,117,5,144
819,924,6,1743
20,847,2,867
27,855,9,882
139,411,1,550
210,211,3,421
874,344,5,1218
559,727,4,1286
894,526,1,1420
874,604,5,1478
844,974,2,1818
115,920,6,1035
898,470,10,1368
6,232,5,238
666,510,2,1176
85,736,9,821
310,277,8,587
541,193,1,734
582,625,7,1207
40,426,7,466
113,948,2,1061
313,400,8,713
16,41,2,57
434,590,4,1024
759,298,4,1057
53,215,1,268
394,391,3,785
489,559,2,1048
773,347,1,1120
698,568,3,1266
312,573,10,885
451,245,4,696
183,854,10,1037
515,386,2,901
343,242,10,585
86,723,1,809
981,277,2,1258
215,122,5,337
626,245,10,871
433,852,3,1285
929,725,9,1654
367,148,3,515
618,597,6,1215
647,651,6,1298
125,819,3,944
158,127,2,285
123,903,1,1026
207,574,1,781
442,914,8,1356
979,448,7,1427
355,325,3,680
616,800,7,1416
915,145,9,1060
996,681,5,1677
100,570,4,670
31,796,2,827
273,584,4,857
402,44,2,446
345,626,1,971
318,437,9,755
798,754,8,1552
55,900,7,955
421,233,9,654
477,622,2,1099
239,965,3,1204
673,157,6,830
710,908,4,1618
95,281,4,376
682,781,9,1463
9,510,6,519
716,853,9,1569
329,834,5,1163
38,122,1,160
273,556,3,829
764,558,9,1322
446,371,3,817
884,927,3,1811
415,450,4,865
600,13,6,613
388,461,3,849
205,691,10,896
489,413,7,902
113,393,8,506
975,20,9,995
464,875,8,1339
895,910,1,1805
441,190,7,631
573,484,2,1057
439,406,7,845
305,372,7,677
284,863,8,1147
929,506,6,1435
824,504,5,1328
372,463,4,835
53,980,3,1033
921,993,1,1914
80,816,9,896
5,872,4,877
644,295,7,939
824,795,5,1619
30,879,3,909
679,952,1,1631
440,485,5,925
26,18,5,44
857,58,10,915
396,619,7,1015
91,745,6,836
120,518,6,638
726,299,9,1025
766,201,7,967
288,100,6,388
245,766,5,1011
60,876,1,936
691,887,3,1578
397,853,9,1250
932,945,7,1877
991,670,9,1661
231,789,2,1020
121,318,9,439
831,719,3,1550
336,500,6,836
855,240,6,1095
283,964,2,1247
422,0,4,422
579,254,2,833
857,281,6,1138
706,386,2,1092
344,734,5,1078
86,402,4,488
89,343,1,432
173,349,5,522
648,640,3,1288
304,269,2,573
825,447,5,1272
370,752,8,1122
452,876,10,1328
39,159,6,198
159,968,5,1127
804,419,2,1223
43,439,7,482
134,892,4,1026
408,493,9,901
888,349,7,1237
499,985,3,1484
580,911,1,1491
696,249,10,945
33,794,4,827
688,686,1,1374
962,718,10,1680
793,395,3,1188
468,625,9,1093
467,416,1,883
442,411,5,853
946,97,1,1043
10,268,3,278
633,811,2,1444
694,393,4,1087
534,943,10,1477
715,161,10,876
548,824,9,1372
727,921,5,1648
443,681,10,1124
539,732,6,1271
413,742,4,1155
323,25,9,348
408,18,4,426
398,286,6,684
527,714,9,1241
443,637,1,1080
559,809,2,1368
811,381,4,1192
466,770,3,1236
406,160,9,566
391,101,9,492
944,670,2,1614
845,685,10,1530
162,851,4,1013
842,700,1,1542
810,634,4,1444
148,909,5,1057
639,774,6,1413
814,137,3,951
720,184,6,904
537,7,5,544
907,724,1,1631
296,132,8,428
805,601,8,1406
97,21,7,118
261,655,9,916
525,797,5,1322
688,971,4,1659
936,97,2,1033
397,523,4,920
176,138,3,314
641,38,1,679
526,184,9,710
120,175,9,295
0,358,7,358
711,713,1,1424
164,816,4,980
516,573,10,1089
813,559,9,1372
980,406,3,1386
579,376,7,955
811,872,9,1683
636,120,2,756
797,396,5,1193
193,893,6,1086
987,987,2,1974
893,198,3,1091
370,844,5,1214
448,798,1,1246
653,765,6,1418
445,13,9,458
920,291,1,1211
791,981,1,1772
22,617,2,639
42,98,3,140
814,881,7,1695
207,851,1,1058
627,721,6,1348
69,462,9,531
444,633,6,1077
17,426,9,443
392,946,2,1338
872,559,1,1431
953,358,7,1311
249,216,2,465
22,233,10,255
901,837,9,1738
313,486,1,799
459,934,6,1393
5,519,3,524
585,93,1,678
690,226,6,916
837,862,3,1699
567,734,1,1301
130,767,8,897
681,488,1,1169
592,636,5,1228
211,206,8,417
325,257,10,582
533,651,2,1184
471,946,5,1417
595,419,8,1014
173,452,2,625
992,231,5,1223
652,330,4,982
768,40,5,808
525,947,7,1472
891,927,2,1818
506,941,8,1447
324,221,6,545
85,75,8,160
987,98,4,1085
770,56,8,826
213,365,6,578
582,480,8,1062
733,989,1,1722
713,565,3,1278
622,432,2,1054
520,67,1,587
17,113,1,130
58,200,3,258
921,214,2,1135
692,529,7,1221
852,571,7,1423
80,293,9,373
670,47,4,717
142,557,6,699
809,343,2,1152
9,380,5,389
189,345,5,534
746,29,5,775
352,501,8,853
198,122,6,320
741,943,3,1684
654,723,7,1377
654,366,1,1020
609,755,3,1364
54,647,7,701
529,658,8,1187
863,961,2,1824
101,612,7,713
379,279,3,658
838,606,6,1444
305,11,6,316
235,621,2,856
911,760,9,1671
673,257,2,930
505,764,5,1269
489,308,9,797
269,476,7,745
210,946,3,1156
108,574,3,682
773,886,9,1659
420,459,8,879
148,793,8,941
859,239,8,1098
127,844,4,971
408,305,10,713
950,890,4,1840
604,465,6,1069
769,837,3,1606
478,966,9,1444
323,910,3,1233
902,603,5,1505
60,799,4,859
201,477,8,678
707,136,10,843
170,468,4,638
107,732,6,839
552,164,5,716
129,469,5,598
464,475,4,939
521,172,1,693
735,39,6,774
104,53,10,157
472,24,5,496
958,415,10,1373
935,884,3,1819
150,109,10,259
609,9,3,618
180,530,2,710
968,202,10,1170
611,576,9,1187
364,593,4,957
663,356,5,1019
422,134,6,556
20,310,7,330
430,975,9,1405
973,563,1,1536
630,713,6,1343
777,169,3,946
355,242,1,597
708,375,1,1083
97,607,7,704
772,366,5,1138
39,634,4,673
797,101,5,898
310,154,1,464
542,327,5,869
197,14,6,211
114,228,2,342
509,874,10,1383
321,518,7,839
819,873,1,1692
581,574,7,1155
865,35,4,900
536,996,2,1532
38,748,8,786
146,134,10,280
854,699,1,1553
376,139,3,515
173,67,5,240
880,322,10,1202
667,367,10,1034
378,839,8,1217
608,887,7,1495
236,301,10,537
488,440,9,928
686,999,4,1685
428,764,6,1192
674,581,4,1255
543,534,8,1077
351,264,1,615
115,950,10,1065
748,746,9,1494
584,174,8,758
656,171,3,827
839,152,1,991
48,744,9,792
332,678,2,1010
69,411,7,480
270,100,9,370
399,816,4,1215
483,992,2,1475
364,928,2,1292
12,29,7,41
322,527,10,849
699,318,6,1017
756,112,9,868
332,768,4,1100
254,156,1,410
862,997,6,1859
86,165,4,251
19,743,3,762
72,267,4,339
515,171,10,686
336,84,10,420
23,641,4,664
455,95,3,550
833,729,3,1562
566,728,2,1294
662,11,9,673
739,316,3,1055
434,867,4,1301
854,273,10,1127
264,14,8,278
746,519,1,1265
280,348,4,628
954,795,3,1749
105,133,5,238
673,277,3,950
265,757,4,1022
959,731,10,1690
897,937,1,1834
622,197,4,819
800,338,8,1138
175,608,2,783
973,151,1,1124
730,579,2,1309
532,28,9,560
452,299,9,751
300,574,5,874
373,611,9,984
66,73,4,139
231,883,6,1114
274,508,3,782
876,73,3,949
943,854,10,1797
841,617,1,1458
635,246,9,881
356,805,6,1161
447,267,5,714
701,97,7,798
207,654,4,861
445,751,9,1196
325,615,3,940
410,946,2,1356
310,689,1,999
546,322,1,868
803,32,5,835
108,344,3,452
944,999,10,1943
593,806,10,1399
676,880,10,1556
536,27,5,563
862,9,2,871
25,554,1,579
860,953,1,1813
256,170,2,426
334,222,3,556
452,610,3,1062
949,648,2,1597
513,53,3,566
182,102,3,284
662,860,6,1522
753,411,8,1164
940,202,10,1142
257,751,3,1008
335,349,9,684
261,450,6,711
478,948,9,1426
355,85,8,440
614,616,7,1230
878,63,4,941
681,525,2,1206
978,519,8,1497
231,444,6,675
952,442,9,1394
954,894,1,1848
648,493,6,1141
427,636,10,1063
948,374,7,1322
568,507,5,1075
684,414,4,1098
151,493,10,644
550,882,8,1432
677,916,2,1593
378,194,5,572
724,102,9,826
777,95,5,872
89,757,1,846
818,140,2,958
393,287,7,680
336,871,1,1207
78,317,3,395
791,405,7,1196
992,48,8,1040
737,494,7,1231
208,205,10,413
625,315,4,940
783,978,5,1761
909,37,6,946
700,786,8,1486
97,856,1,953
816,539,10,1355
495,695,6,1190
338,754,1,1092
113,662,6,775
937,12,7,949
812,590,6,1402
160,200,5,360
126,257,5,383
443,757,6,1200
251,609,7,860
66,326,9,392
948,947,10,1895
202,398,7,600
816,743,1,1559
283,82,4,365
396,118,3,514
179,170,1,349
238,43,6,281
840,156,6,996
568,466,9,1034
129,100,1,229
103,906,6,1009
338,427,5,765
264,188,4,452
595,231,9,826
626,166,9,792
146,12,9,158
1,193,9,194
130,735,5,865
958,276,5,1234
747,457,10,1204
848,794,9,1642
593,583,5,1176
204,530,10,734
195,266,7,461
960,766,8,1726
87,352,6,439
477,212,8,689
515,902,2,1417
423,265,7,688
627,423,1,1050
759,57,9,816
860,48,1,908
957,391,1,1348
388,529,1,917
759,313,1,1072
102,556,9,658
309,489,4,798
691,801,9,1492
263,502,10,765
960,121,8,1081
703,690,6,1393
655,46,4,701
836,226,7,1062
924,141,9,1065
628,762,3,1390
454,528,4,982
622,672,8,1294
752,820,3,1572
115,61,4,176
506,899,6,1405
601,18,4,619
233,146,10,379
419,717,9,1136
82,139,8,221
842,992,2,1834
575,473,10,1048
138,261,8,399
560,825,9,1385
945,514,6,1459
32,482,4,514
136,887,5,1023
603,947,8,1550
299,678,5,977
24,926,6,950
159,96,3,255
392,355,1,747
474,321,7,795
776,849,1,1625
889,443,5,1332
377,294,3,671
506,927,1,1433
495,312,7,807
279,52,1,331
436,55,5,491
544,708,9,1252
842,730,9,1572
407,172,3,579
906,591,9,1497
721,38,1,759
313,930,1,1243
250,390,4,640
28,327,5,355
765,494,8,1259
793,236,9,1029
945,199,3,1144
332,55,5,387
236,379,10,615
348,152,4,500
859,284,10,1143
781,670,6,1451
312,819,8,1131
596,238,2,834
328,309,7,637
81,807,2,888
597,256,2,853
80,697,8,777
32,539,9,571
792,248,9,1040
131,211,2,342
65,710,6,775
348,396,6,744
696,889,8,1585
318,740,4,1058
434,51,1,485
475,499,1,974
863,843,3,1706
92,645,5,737
710,996,3,1706
424,609,6,1033
947,798,7,1745
958,204,6,1162
624,238,6,862
962,52,9,1014
195,155,4,350
173,833,10,1006
249,437,10,686
135,476,8,611
79,871,10,950
430,669,1,1099
65,897,10,962
723,995,4,1718
849,746,8,1595
806,156,7,962
102,711,2,813
66,93,3,159
765,960,9,1725
379,404,4,783
17,157,7,174
405,76,3,481
947,927,6,1874
717,650,1,1367
10,390,5,400
7,19,10,26
134,202,7,336
217,637,4,854
946,186,1,1132
606,818,3,1424
487,420,9,907
185,842,9,1027
160,133,5,293
567,295,7,862
141,506,5,647
268,191,7,459
677,626,7,1303
685,217,10,902
744,954,7,1698
565,208,3,773
89,320,1,409
114,350,7,464
642,802,7,1444
967,862,9,1829
215,579,2,794
634,11,4,645
307,687,7,994
909,959,9,1868
882,987,5,1869
996,83,6,1079
722,65,6,787
33,670,9,703
117,337,7,454
39,485,1,524
940,346,8,1286
919,323,8,1242
525,996,2,1521
586,332,4,918
921,855,10,1776
789,507,1,1296
658,963,6,1621
642,482,2,1124
985,346,3,1331
999,916,8,1915
213,469,2,682
289,541,6,830
626,49,10,675
827,198,6,1025
52,709,1,761
119,40,1,159
729,832,2,1561
913,842,10,1755
734,957,10,1691
572,233,9,805
653,871,9,1524
831,694,8,1525
732,983,4,1715
596,426,2,1022
727,689,3,1416
263,843,10,1106
127,915,4,1042
24,418,8,442
97,267,2,364
965,897,10,1862
38,989,2,1027
39,577,9,616
379,216,6,595
264,68,10,332
709,394,2,1103
550,600,1,1150
787,391,4,1178
354,19,5,373
256,725,6,981
652,904,3,1556
769,279,9,1048
497,10,9,507
861,128,4,989
755,175,5,930
253,458,9,711
655,106,6,761
45,975,2,1020
638,187,1,825
895,817,2,1712
657,463,7,1120
826,970,1,1796
340,716,3,1056
673,714,6,1387
353,281,8,634
831,479,2,1310
204,630,8,834
281,666,6,947
674,17,9,691
937,761,6,1698
314,575,6,889
821,94,7,915
902,835,10,1737
302,66,8,368
569,669,10,1238
84,922,4,1006
876,989,7,1865
663,330,3,993
98,346,8,444
744,432,9,1176
192,518,10,710
636,571,10,1207
653,267,10,920
40,837,5,877
588,197,5,785
403,257,9,660
895,987,4,1882
284,866,5,1150
624,681,3,1305
471,157,4,628
116,592,9,708
588,897,4,1485
804,263,1,1067
4,191,7,195
673,491,5,1164
644,558,3,1202
596,26,6,622
133,794,10,927
400,180,4,580
233,314,6,547
93,958,2,1051
939,670,5,1609
933,981,5,1914
432,757,6,1189
29,301,8,330
210,488,9,698
895,685,9,1580
427,24,2,451
245,749,7,994
134,877,6,1011
942,343,2,1285
536,18,7,554
342,589,2,931
482,359,2,841
442,348,7,790
376,178,6,554
328,307,6,635
78,229,9,307
973,988,2,1961
67,462,9,529
408,660,8,1068
210,802,8,1012
430,576,8,1006
347,312,7,659
861,448,3,1309
656,20,6,676
469,363,7,832
309,520,9,829
727,203,8,930
134,508,7,642
374,776,3,1150
610,791,1,1401
393,756,7,1149
774,22,6,796
628,517,8,1145
352,623,6,975
900,227,4,1127
852,894,8,1746
733,373,9,1106
499,399,9,898
327,354,10,681
547,13,9,560
303,769,5,1072
580,442,10,1022
609,946,2,1555
135,141,4,276
598,248,9,846
648,699,10,1347
884,585,5,1469
550,805,10,1355
0,426,1,426
435,402,9,837
802,728,6,1530
283,344,10,627
826,248,9,1074
927,450,6,1377
495,287,8,782
757,533,10,1290
249,214,9,463
313,542,3,855
712,329,4,1041
495,216,9,711
649,232,5,881
716,337,7,1053
974,723,5,1697
35,77,9,112
656,591,7,1247
36,300,10,336
546,92,10,638
842,145,8,987
637,358,6,995
234,12,5,246
958,501,2,1459
707,551,3,1258
482,953,9,1435
943,282,6,1225
833,249,6,1082
866,486,10,1352
233,732,4,965
154,753,8,907
285,439,1,724
770,638,6,1408
21,972,9,993
71,951,9,1022
905,309,9,1214
94,149,6,243
142,89,1,231
984,168,3,1152
204,248,2,452
367,662,5,1029
578,610,2,1188
481,350,10,831
149,507,6,656
580,891,5,1471
463,542,9,1005
31,798,5,829
827,827,1,1654
885,670,4,1555
235,440,10,675
429,927,10,1356
116,904,8,1020
660,847,6,1507
270,227,3,497
542,158,8,700
931,620,8,1551
727,68,10,795
296,538,3,834
907,633,1,1540
669,646,7,1315
189,683,7,872
94,871,9,965
63,846,7,909
793,232,1,1025
306,966,3,1272
939,547,7,1486
90,320,1,410
592,481,8,1073
175,462,8,637
772,240,6,1012
429,414,5,843
111,735,4,846
391,213,8,604
634,528,5,1162
565,460,5,1025
953,615,5,1568
266,212,4,478
166,256,5,422
436,241,1,677
940,950,8,1890
992,763,2,1755
55,830,4,885
246,2,5,248
40,687,5,727
369,17,1,386
274,483,9,757
556,688,1,1244
93,818,10,911
212,293,9,505
173,521,3,694
116,805,7,921
557,57,1,614
403,986,6,1389
961,571,9,1532
924,53,8,977
756,907,2,1663
718,31,10,749
503,856,10,1359
104,828,5,932
22,330,10,352
206,402,3,608
413,271,2,684
408,684,4,1092
935,771,4,1706
123,887,3,1010
948,18,3,966
933,83,8,1016
733,896,7,1629
323,552,7,875
825,297,6,1122
486,421,7,907
385,871,2,1256
887,887,8,1774
953,302,6,1255
784,657,10,1441
234,556,5,790
322,864,6,1186
767,968,10,1735
48,811,10,859
983,64,2,1047
723,367,6,1090
486,950,9,1436
90,493,6,583
381,463,5,844
840,998,6,1838
20,194,9,214
691,163,3,854
471,465,8,936
476,187,10,663
48,749,4,797
145,891,1,1036
982,338,5,1320
389,670,6,1059
156,407,9,563
339,357,4,696
323,798,5,1121
969,522,6,1491
922,360,10,1282
676,141,8,817
769,192,8,961
935,817,3,1752
605,753,5,1358
287,317,5,604
368,2,10,370
509,844,9,1353
551,157,2,708
718,973,10,1691
677,102,10,779
904,643,6,1547
987,316,2,1303
960,495,4,1455
239,333,4,572
386,971,1,1357
862,144,4,1006
132,221,1,353
303,488,1,791
503,616,9,1119
594,57,7,651
199,613,7,812
67,977,8,1044
113,420,8,533
560,198,7,758
619,804,2,1423
494,387,3,881
312,787,6,1099
947,705,5,1652
772,381,10,1153
43,467,1,510
888,487,6,1375
573,65,4,638
169,510,1,679
495,701,4,1196
990,208,6,1198
109,852,1,961
931,398,8,1329
126,175,2,301
580,235,6,815
120,366,3,486
153,545,1,698
279,782,2,1061
481,532,5,1013
36,782,3,818
886,768,8,1654
738,410,2,1148
641,381,6,1022
358,973,6,1331
109,427,6,536
866,10,9,876
897,78,5,975
877,639,10,1516
18,803,6,821
654,24,2,678
500,866,4,1366
585,551,9,1136
779,655,2,1434
945,175,6,1120
835,39,3,874
12,321,9,333
436,291,4,727
82,76,2,158
586,161,4,747
788,257,1,1045
253,49,7,302
682,394,1,1076
258,89,4,347
811,102,2,913
765,963,5,1728
49,85,10,134
258,428,8,686
877,218,3,1095
56,97,4,153
824,993,5,1817
181,184,2,365
824,588,3,1412
115,917,1,1032
168,605,8,773
189,401,10,590
171,827,9,998
932,531,9,1463
19,195,8,214
710,497,10,1207
250,746,2,996
297,781,4,1078
611,371,4,982
330,67,9,397
138,333,8,471
41,481,1,522
362,198,6,560
774,548,10,1322
596,903,5,1499
568,468,9,1036
112,372,3,484
207,181,8,388
377,151,4,528
926,572,4,1498
464,112,2,576
885,215,9,1100
671,930,8,1601
928,652,6,1580
835,518,7,1353
318,641,5,959
102,102,6,204
640,298,1,938
780,750,6,1530
774,488,9,1262
717,630,4,1347
281,419,10,700
402,360,3,762
149,433,5,582
856,175,7,1031
772,79,6,851
943,615,7,1558
180,212,5,392
76,356,9,432
853,308,5,1161
885,219,9,1104
157,612,9,769
388,542,5,930
779,196,3,975
97,672,6,769
16,157,10,173
882,797,10,1679
880,488,1,1368
749,72,5,821
890,577,5,1467
703,303,5,1006
238,425,3,663
123,778,2,901
356,180,8,536
126,435,6,561
418,423,10,841
828,682,6,1510
941,281,2,1222
121,909,2,1030
51,500,6,551
128,370,2,498
496,61,3,557
55,122,2,177
156,416,7,572
974,123,1,1097
984,221,9,1205
943,141,3,1084
598,63,4,661
134,893,3,1027
69,86,7,155
325,964,7,1289
812,926,10,1738
588,732,1,1320
868,721,7,1589
34,424,2,458
248,455,10,703
528,885,6,1413
225,853,7,1078
201,550,5,751
805,117,8,922
895,751,5,1646
117,814,8,931
355,587,3,942
972,226,4,1198
66,199,7,265
13,414,5,427
613,892,5,1505
624,644,6,1268
938,303,7,1241
737,77,5,814
507,835,5,1342
9,9,5,18
252,830,3,1082
930,377,7,1307
624,228,10,852
95,59,10,154
114,747,4,861
218,725,7,943
184,589,1,773
927,701,10,1628
690,808,7,1498
147,158,3,305
161,52,7,213
268,686,8,954
918,635,2,1553
438,866,8,1304
280,886,7,1166
242,236,6,478
62,166,7,228
787,271,8,1058
407,797,10,1204
730,334,7,1064
948,623,8,1571
301,535,3,836
42,874,5,916
742,71,6,813
947,270,5,1217
108,204,2,312
969,977,4,1946
899,61,10,960
522,534,1,1056
418,883,7,1301
7,551,8,558
663,993,4,1656
158,807,4,965
765,391,5,1156
149,470,3,619
433,332,3,765
850,323,1,1173
434,431,1,865
625,80,4,705
412,630,3,1042
803,126,3,929
74,590,9,664
184,719,10,903
38,89,7,127
431,195,6,626
156,549,8,705
597,687,10,1284
902,90,1,992
989,578,6,1567
452,528,6,980
615,587,6,1202
139,287,7,426
636,122,7,758
749,445,3,1194
508,813,6,1321
353,394,9,747
26,17,5,43
441,513,5,954
605,306,6,911
589,178,4,767
194,303,10,497
857,746,4,1603
492,14,5,506
922,701,5,1623
23,961,10,984
570,399,1,969
569,118,4,687
123,83,4,206
936,188,4,1124
894,856,6,1750
766,254,7,1020
360,411,4,771
643,547,8,1190
801,164,5,965
616,466,2,1082
320,4,9,324
688,707,2,1395
931,403,8,1334
968,981,1,1949
103,907,10,1010
728,39,7,767
561,103,7,664
364,998,6,1362
246,565,1,811
206,482,7,688
54,281,7,335
47,635,5,682
155,961,5,1116
646,59,1,705
562,59,5,621
877,286,9,1163
929,536,10,1465
598,209,7,807
887,696,8,1583
657,302,1,959
659,983,1,1642
72,786,4,858
727,602,2,1329
927,737,5,1664
398,821,8,1219
788,397,8,1185
696,483,8,1179
101,121,10,222
982,3,6,985
833,721,2,1554
299,274,8,573
771,863,1,1634
192,540,9,732
630,266,2,896
551,810,9,1361
103,448,6,551
5,226,6,231
967,123,4,1090
36,950,2,986
344,721,1,1065
420,596,9,1016
916,244,10,1160
786,764,3,1550
65,90,2,155
823,669,4,1492
221,744,2,965
775,138,6,913
222,945,6,1167
733,508,9,1241
378,82,10,460
271,329,3,600
187,486,5,673
475,511,7,986
762,234,9,996
967,483,9,1450
673,181,7,854
742,36,9,778
478,668,3,1146
333,213,5,546
438,718,4,1156
841,453,8,1294
899,489,8,1388
214,322,10,536
2,596,6,598
646,26,1,672
848,668,9,1516
510,312,1,822
284,731,9,1015
194,917,5,1111
456,951,4,1407
412,873,7,1285
66,853,5,919
775,185,2,960
941,571,2,1512
800,353,1,1153
202,933,4,1135
284,50,3,334
567,866,4,1433
737,534,2,1271
820,503,1,1323
876,914,2,1790
271,169,5,440
279,511,8,790
639,141,3,780
26,778,8,804
115,522,1,637
112,552,5,664
354,222,2,576
406,422,6,828
378,553,3,931
143,367,5,510
546,134,8,680
149,682,4,831
457,502,10,959
573,689,3,1262
38,896,4,934
868,177,3,1045
61,391,1,452
619,114,2,733
555,49,5,604
530,450,10,980
939,957,5,1896
671,30,10,701
623,856,2,1479
798,528,9,1326
792,876,5,1668
661,879,2,1540
866,211,5,1077
750,509,1,1259
69,811,8,880
412,171,2,583
388,724,6,1112
706,641,4,1347
866,599,2,1465
190,755,3,945
887,668,8,1555
992,1,7,993
904,37,1,941
731,701,6,1432
278,913,2,1191
154,210,2,364
766,718,2,1484
606,470,8,1076
120,234,7,354
653,871,4,1524
643,61,9,704
89,34,6,123
616,457,8,1073
2,605,10,607
290,723,2,1013
211,684,3,895
678,86,8,764
769,273,6,1042
509,316,3,825
395,920,10,1315
800,110,4,910
434,215,3,649
673,582,7,1255
381,774,2,1155
754,880,9,1634
620,961,2,1581
669,660,1,1329
126,779,2,905
249,463,4,712
254,588,5,842
827,640,5,1467
132,741,8,873
949,650,3,1599
149,703,9,852
658,722,3,1380
366,823,5,1189
203,77,7,280
228,235,2,463
161,929,2,1090
188,7,7,195
741,191,3,932
549,738,8,1287
205,648,8,853
981,678,10,1659
940,938,5,1878
943,649,8,1592
800,253,1,1053
603,990,2,1593
939,426,4,1365
103,417,1,520
513,963,8,1476
556,876,6,1432
611,414,9,1025
641,1,10,642
427,163,8,590
997,333,4,1330
44,790,9,834
586,88,4,674
394,896,7,1290
634,118,8,752
723,375,3,1098
730,410,10,1140
119,729,9,848
546,108,7,654
972,820,10,1792
763,52,4,815
279,219,10,498
724,642,4,1366
825,388,1,1213
367,639,5,1006
965,196,9,1161
392,296,1,688
947,373,2,1320
308,737,8,1045
485,110,6,595
271,876,1,1147
783,796,1,1579
651,942,6,1593
935,47,2,982
364,700,8,1064
315,193,2,508
521,737,9,1258
850,337,2,1187
639,152,9,791
420,454,5,874
608,892,5,1500
21,792,1,813
981,937,3,1918
867,30,7,897
6,76,7,82
251,387,7,638
931,570,3,1501
196,466,3,662
965,827,6,1792
760,514,8,1274
975,23,7,998
946,407,3,1353
127,398,8,525
126,210,2,336
325,852,8,1177
840,3,5,843
353,219,4,572
74,158,10,232
823,199,1,1022
955,728,8,1683
990,52,5,1042
48,145,7,193
7,123,4,130
621,374,2,995
931,625,8,1556
251,456,3,707
53,818,5,871
668,864,7,1532
221,446,9,667
900,235,9,1135
892,789,9,1681
461,195,8,656
575,418,1,993
986,101,1,1087
965,139,3,1104
261,845,10,1106
794,227,9,1021
565,32,5,597
213,125,10,338
412,229,2,641
293,810,4,1103
236,552,2,788
378,561,7,939
502,251,9,753
932,863,5,1795
497,568,3,1065
539,884,5,1423
659,163,7,822
191,981,1,1172
919,833,1,1752
335,288,7,623
736,427,2,1163
685,863,4,1548
15,59,2,74
358,604,8,962
494,252,7,746
785,853,5,1638
830,393,10,1223
843,899,9,1742
774,163,9,937
327,219,8,546
925,247,8,1172
461,143,1,604
400,169,7,569
27,13,8,40
858,463,6,1321
624,520,8,1144
767,480,5,1247
893,984,3,1877
915,398,5,1313
376,616,8,992
92,422,8,514
860,797,3,1657
475,885,3,1360
196,249,4,445
317,729,4,1046
979,684,8,1663
379,985,3,1364
675,698,3,1373
536,871,10,1407
762,651,6,1413
65,749,2,814
645,866,8,1511
774,496,8,1270
928,339,3,1267
216,455,3,671
965,241,5,1206
567,814,9,1381
853,796,2,1649
288,619,2,907
574,925,3,1499
960,427,9,1387
197,2,4,199
608,967,3,1575
394,551,5,945
186,91,4,277
472,259,6,731
921,470,5,1391
314,388,8,702
491,523,4,1014
431,950,5,1381
898,776,7,1674
364,903,7,1267
428,268,2,696
852,485,6,1337
129,777,10,906
796,994,7,1790
110,274,3,384
338,224,2,562
792,748,5,1540
236,717,2,953
765,195,10,960
469,342,5,811
671,613,6,1284
942,446,6,1388
931,322,3,1253
918,757,1,1675
876,77,2,953
640,985,4,1625
239,981,10,1220
63,272,4,335
585,88,4,673
538,237,5,775
757,439,6,1196
551,366,5,917
798,355,6,1153
947,608,9,1555
338,974,5,1312
620,316,5,936
965,319,2,1284
185,308,9,493
531,251,3,782
402,136,6,538
535,901,10,1436
297,100,1,397
34,869,8,903
211,952,1,1163
950,808,1,1758
527,988,5,1515
687,791,9,1478
580,670,5,1250
304,124,1,428
13,356,4,369
599,147,4,746
848,195,5,1043
662,349,7,1011
230,212,2,442
817,364,5,1181
780,259,2,1039
935,664,6,1599
290,868,9,1158
250,13,1,263
266,466,9,732
114,844,6,958
55,414,3,469
669,93,4,762
305,470,10,775
407,501,4,908
572,438,1,1010
209,976,7,1185
471,359,3,830
376,662,5,1038
307,234,3,541
912,598,4,1510
688,892,2,1580
859,199,5,1058
758,999,1,1757
92,48,7,140
878,193,1,1071
59,390,9,449
694,370,7,1064
420,233,8,653
681,470,3,1151
973,256,4,1229
962,949,10,1911
804,477,5,1281
996,461,1,1457
859,784,7,1643
162,307,2,469
840,918,8,1758
131,467,3,598
500,675,7,1175
823,414,1,1237
391,729,5,1120
76,843,3,919
452,127,7,579
431,166,7,597
138,895,7,1033
434,968,6,1402
727,845,7,1572
50,655,6,705
302,476,9,778
817,364,6,1181
542,453,6,995
725,668,8,1393
632,797,9,1429
831,726,2,1557
309,738,3,1047
253,8,1,261
198,171,8,369
182,6,7,188
25,593,1,618
803,918,9,1721
463,450,3,913
847,423,5,1270
891,38,6,929
183,621,8,804
894,478,9,1372
947,577,3,1524
755,737,10,1492
985,398,1,1383
585,314,9,899
27,535,5,562
924,752,9,1676
528,781,8,1309
914,806,10,1720
872,229,8,1101
65,956,6,1021
708,786,9,1494
195,746,1,941
789,894,1,1683
64,100,6,164
34,833,3,867
843,524,3,1367
232,345,1,577
846,94,5,940
799,590,9,1389
936,998,8,1934
702,338,5,1040
597,5,6,602
240,667,4,907
74,618,8,692
291,837,8,1128
101,372,3,473
322,812,6,1134
425,250,1,675
538,375,4,913
78,809,8,887
518,514,2,1032
973,112,9,1085
725,769,4,1494
835,16,10,851
685,927,5,1612
40,33,7,73
912,881,4,1793
668,64,8,732
474,364,10,838
505,141,4,646
920,890,7,1810
872,641,8,1513
74,442,7,516
916,762,7,1678
693,314,8,1007
196,216,7,412
370,852,6,1222
497,484,6,981
930,285,10,1215
716,560,2,1276
849,307,4,1156
270,463,10,733
12,351,6,363
955,596,10,1551
661,690,8,1351
212,91,5,303
999,24,10,1023
926,353,7,1279
721,819,1,1540
771,252,7,1023
633,72,2,705
937,161,4,1098
820,213,8,1033
694,196,6,890
460,189,1,649
292,822,10,1114
464,547,8,1011
697,460,6,1157
856,710,6,1566
306,295,7,601
539,556,2,1095
834,756,7,1590
771,662,8,1433
146,438,1,584
626,86,7,712
704,772,9,1476
664,337,2,1001
499,598,4,1097
17,852,7,869
566,821,3,1387
924,71,3,995
750,690,10,1440
690,323,3,1013
454,637,8,1091
956,796,8,1752
282,142,10,424
12,454,3,466
139,275,7,414
751,228,10,979
494,874,9,1368
169,928,9,1097
797,931,6,1728
11,518,8,529
612,444,1,1056
778,530,5,1308
823,221,7,1044
999,937,5,1936
293,244,5,537
121,784,2,905
489,676,4,1165
452,235,2,687
321,845,2,1166
432,646,3,1078
926,442,10,1368
524,559,2,1083
246,664,6,910
119,232,8,351
33,888,1,921
991,224,7,1215
303,924,5,1227
38,14,1,52
594,620,9,1214
62,80,9,142
882,426,10,1308
266,170,1,436
266,870,8,1136
327,541,8,868
722,404,7,1126
582,947,9,1529
685,517,9,1202
199,548,9,747
109,970,4,1079
756,205,3,961
18,984,4,1002
486,146,7,632
439,762,6,1201
690,421,9,1111
456,920,4,1376
928,740,2,1668
45,109,5,154
668,998,8,1666
328,232,8,560
378,194,7,572
195,925,2,1120
349,329,5,678
711,987,5,1698
651,19,6,670
890,946,7,1836
524,374,7,898
359,158,5,517
815,205,7,1020
634,785,5,1419
935,793,6,1728
794,824,1,1618
152,373,1,525
772,842,8,1614
572,97,4,669
146,487,3,633
573,915,4,1488
342,387,3,729
551,229,6,780
661,471,10,1132
595,420,5,1015
24,101,7,125
81,500,3,581
277,273,8,550
715,712,9,1427
434,218,5,652
441,767,7,1208
832,717,9,1549
994,541,4,1535
684,335,3,1019
662,707,2,1369
220,927,6,1147
369,904,10,1273
628,835,8,1463
623,892,7,1515
202,765,8,967
241,480,3,721
682,517,9,1199
880,192,7,1072
798,607,5,1405
884,861,2,1745
306,352,3,658
12,889,7,901
357,35,9,392
364,387,10,751
237,349,1,586
775,109,7,884
620,680,7,1300
30,431,6,461
876,382,9,1258
528,786,6,1314
14,833,2,847
106,690,10,796
880,859,1,1739
750,872,3,1622
480,788,8,1268
651,167,4,818
654,432,8,1086
518,153,4,671
53,214,9,267
609,129,10,738
927,660,8,1587
949,968,3,1917
999,1,5,1000
883,30,2,913
965,531,7,1496
132,142,7,274
534,379,3,913
886,421,6,1307
119,161,5,280
918,508,1,1426
67,747,8,814
929,474,3,1403
137,774,1,911
847,302,6,1149
867,943,1,1810
775,987,5,1762
330,885,5,1215
857,582,10,1439
830,421,4,1251
542,633,8,1175
420,310,2,730
716,78,1,794
186,769,4,955
383,206,4,589
660,747,9,1407
960,312,5,1272
243,456,4,699
781,192,4,973
792,191,7,983
530,683,2,1213
766,741,4,1507
59,447,8,506
306,297,1,603
12,982,6,994
789,992,5,1781
560,199,8,759
916,47,6,963
434,237,6,671
47,500,8,547
890,600,6,1490
31,819,10,850
721,904,6,1625
126,534,3,660
713,235,8,948
603,90,6,693
162,639,2,801
252,565,3,817
132,31,5,163
256,183,7,439
469,531,8,1000
913,488,3,1401
143,934,7,1077
682,304,4,986
808,226,10,1034
47,678,7,725
427,135,5,562
598,131,10,729
15,591,1,606
851,19,4,870
591,312,3,903
605,640,3,1245
314,63,3,377
69,872,6,941
268,431,6,699
817,419,4,1236
373,981,6,1354
339,427,1,766
839,355,10,1194
466,921,9,1387
506,363,3,869
809,724,9,1533
534,241,3,775
304,110,10,414
611,450,9,1061
547,736,9,1283
802,282,6,1084
403,506,9,909
235,468,9,703
619,182,8,801
513,367,7,880
830,567,4,1397
666,577,8,1243
962,527,5,1489
188,974,9,1162
356,333,8,689
142,685,6,827
261,679,6,940
6,354,10,360
57,331,9,388
696,355,4,1051
756,622,10,1378
120,340,2,460
680,456,2,1136
712,349,9,1061
269,552,9,821
401,841,3,1242
453,255,7,708
706,74,8,780
272,345,5,617
506,463,5,969
153,251,2,404
50,122,7,172
83,659,8,742
567,167,2,734
317,189,8,506
962,301,10,1263
242,304,1,546
960,733,7,1693
13,786,4,799
373,811,7,1184
726,544,10,1270
746,682,10,1428
631,610,8,1241
707,408,7,1115
870,169,2,1039
534,421,1,955
838,256,3,1094
822,156,7,978
540,306,4,846
952,495,1,1447
874,628,4,1502
733,444,9,1177
444,799,2,1243
361,67,10,428
716,211,1,927
855,978,9,1833
317,204,8,521
314,814,6,1128
550,423,5,973
604,500,10,1104
528,729,2,1257
734,633,10,1367
258,696,10,954
60,89,6,149
412,791,1,1203
492,556,6,1048
929,941,5,1870
661,268,2,929
609,475,10,1084
274,846,8,1120
311,670,9,981
497,782,7,1279
206,435,4,641
301,421,10,722
152,918,9,1070
71,394,9,465
995,556,3,1551
623,67,6,690
229,361,2,590
776,822,5,1598
350,706,3,1056
278,958,2,1236
220,653,7,873
283,801,8,1084
619,554,5,1173
893,49,7,942
850,245,10,1095
311,911,8,1222
30,20,7,50
434,668,8,1102
138,231,1,369
259,267,9,526
229,298,4,527
316,309,1,625
766,88,3,854
704,116,9,820
65,752,10,817
675,211,4,886
987,33,2,1020
817,576,5,1393
527,791,6,1318
667,254,3,921
263,555,6,818
586,986,9,1572
853,563,5,1416
66,915,6,981
499,20,9,519
578,442,7,1020
919,407,7,1326
308,356,1,664
591,76,6,667
327,511,2,838
693,241,7,934
213,576,7,789
482,448,6,930
843,976,10,1819
170,910,10,1080
217,307,2,524
877,345,7,1222
312,415,3,727
623,617,3,1240
821,707,7,1528
832,377,7,1209
79,347,3,426
287,321,7,608
84,804,9,888
31,563,6,594
186,498,5,684
297,866,10,1163
983,275,10,1258
814,990,8,1804
337,193,2,530
486,730,8,1216
346,974,3,1320
151,45,6,196
260,52,2,312
547,641,10,1188
935,803,3,1738
818,37,1,855
113,938,1,1051
449,566,9,1015
782,427,4,1209
833,915,1,1748
124,384,1,508
844,831,3,1675
425,544,9,969
52,455,3,507
273,168,5,441
457,445,5,902
791,581,10,1372
905,643,3,1548
162,562,7,724
3,27,5,30
644,422,4,1066
734,25,4,759
548,668,9,1216
536,642,6,1178
412,557,2,969
688,869,2,1557
676,691,5,1367
884,467,2,1351
152,609,5,761
728,852,4,1580
111,799,7,910
32,144,6,176
558,424,10,982
204,848,9,1052
135,708,2,843
633,645,8,1278
745,479,1,1224
278,831,2,1109
536,784,4,1320
859,796,9,1655
777,341,9,1118
680,238,4,918
417,248,7,665
937,410,1,1347
799,910,3,1709
578,801,9,1379
71,946,7,1017
214,411,10,625
21,893,5,914
973,165,10,1138
23,742,3,765
640,810,4,1450
56,227,8,283
140,605,8,745
669,574,5,1243
982,6,7,988
487,799,1,1286
281,845,6,1126
334,352,6,686
496,757,7,1253
433,706,1,1139
303,687,10,990
113,341,2,454
552,719,8,1271
9,79,2,88
55,998,9,1053
799,741,8,1540
535,908,6,1443
477,639,8,1116
17,788,4,805
4,928,2,932
861,409,2,1270
905,843,3,1748
399,499,3,898
179,83,3,262
417,455,6,872
488,62,10,550
377,724,10,1101
498,96,5,594
911,597,2,1508
853,425,10,1278
532,578,2,1110
222,227,3,449
493,163,3,656
578,20,8,598
865,491,3,1356
492,759,3,1251
873,585,3,1458
243,269,6,512
852,546,1,1398
178,195,6,373
189,295,8,484
907,860,6,1767
638,968,3,1606
278,718,2,996
55,186,9,241
248,875,5,1123
650,798,10,1448
943,669,6,1612
230,728,1,958
114,845,3,959
496,1,2,497
298,715,5,1013
114,472,7,586
793,570,1,1363
345,436,5,781
532,549,4,1081
980,957,2,1937
120,246,3,366
340,731,2,1071
328,720,3,1048
584,443,5,1027
919,740,8,1659
767,147,10,914
66,188,6,254
792,226,7,1018
580,669,8,1249
817,40,7,857
600,216,7,816
151,891,6,1042
870,550,1,1420
442,714,2,1156
353,453,1,806
307,396,4,703
752,2,1,754
760,878,8,1638
44,551,8,595
629,982,5,1611
558,79,3,637
163,466,2,629
706,858,9,1564
845,860,1,1705
764,940,5,1704
240,215,2,455
383,397,1,780
596,94,4,690
892,307,3,1199
425,958,6,1383
906,919,6,1825
855,199,10,1054
712,206,2,918
986,302,6,1288
870,967,5,1837
391,348,1,739
721,682,3,1403
490,774,10,1264
81,161,1,242
63,994,1,1057
559,702,2,1261
996,533,3,1529
229,245,6,474
156,680,10,836
239,804,2,1043
208,903,1,1111
731,127,1,858
771,816,2,1587
809,199,2,1008
582,73,3,655
7,831,2,838
211,578,9,789
202,3,4,205
50,994,3,1044
247,139,6,386
516,600,6,1116
614,605,4,1219
773,740,7,1513
33,865,3,898
232,717,1,949
591,191,4,782
345,894,5,1239
985,361,9,1346
3,397,6,400
999,25,8,1024
84,351,10,435
872,785,7,1657
925,831,7,1756
140,46,6,186
801,541,10,1342
809,286,9,1095
969,717,5,1686
840,533,8,1373
663,624,2,1287
269,35,3,304
509,132,6,641
314,543,2,857
957,956,9,1913
533,866,2,1399
210,608,2,818
62,423,5,485
928,434,5,1362
717,488,9,1205
133,795,10,928
694,940,7,1634
989,826,3,1815
82,184,8,266
339,821,10,1160
77,319,9,396
529,211,6,740
459,537,8,996
842,934,2,1776
766,331,4,1097
245,351,2,596
628,820,5,1448
997,520,8,1517
827,532,8,1359
970,436,4,1406
405,301,6,706
294,270,1,564
370,191,2,561
683,220,10,903
134,857,9,991
122,694,6,816
766,308,6,1074
714,720,5,1434
9,584,9,593
800,307,3,1107
936,909,2,1845
830,154,4,984
175,794,10,969
375,939,2,1314
845,969,7,1814
17,867,3,884
88,561,9,649
963,798,8,1761
73,37,10,110
861,478,6,1339
369,602,10,971
20,390,5,410
258,351,5,609
47,750,10,797
708,708,6,1416
760,10,3,770
620,633,8,1253
414,355,10,769
12,199,8,211
454,100,4,554
328,128,9,456
206,25,7,231
899,658,2,1557
54,556,5,610
498,427,6,925
690,480,9,1170
815,779,9,1594
731,601,7,1332
62,556,10,618
555,765,3,1320
127,772,3,899
810,967,7,1777
851,454,9,1305
978,595,5,1573
259,423,10,682
843,362,10,1205
487,603,7,1090
421,403,10,824
125,833,5,958
44,49,7,93
171,462,4,633
465,695,7,1160
157,519,8,676
412,971,1,1383
132,580,7,712
885,582,1,1467
995,635,8,1630
302,821,3,1123
243,925,3,1168
603,914,1,1517
508,223,8,731
689,840,3,1529
14,163,9,177
738,583,3,1321
540,372,6,912
289,617,9,906
656,462,5,1118
972,663,4,1635
497,337,4,834
356,133,5,489
760,361,1,1121
343,426,3,769
223,989,8,1212
266,978,5,1244
910,453,4,1363
665,244,5,909
731,772,9,1503
59,503,1,562
326,497,8,823
828,560,8,1388
317,221,8,538
459,162,4,621
304,837,9,1141
374,760,4,1134
767,525,4,1292
995,159,8,1154
689,879,5,1568
763,424,10,1187
572,915,4,1487
301,753,10,1054
135,646,1,781
934,200,10,1134
391,327,7,718
352,721,4,1073
275,649,2,924
892,492,1,1384
242,587,6,829
92,377,8,469
52,805,5,857
448,267,6,715
977,249,2,1226
248,503,8,751
587,88,3,675
560,766,7,1326
358,357,5,715
634,565,4,1199
122,894,7,1016
172,374,6,546
941,552,2,1493
858,813,4,1671
133,532,7,665
750,55,8,805
434,447,8,881
34,762,3,796
827,67,9,894
498,362,9,860
52,292,10,344
871,167,6,1038
773,179,4,952
171,535,3,706
997,440,10,1437
728,976,1,1704
979,584,7,1563
982,741,5,1723
12,888,7,900
912,368,6,1280
798,484,3,1282
537,403,9,940
868,106,7,974
832,210,5,1042
495,826,5,1321
270,651,1,921
213,914,10,1127
728,966,6,1694
70,796,7,866
264,914,6,1178
915,887,6,1802
562,229,10,791
83,311,3,394
428,6,4,434
969,427,5,1396
92,26,10,118
532,504,1,1036
881,885,4,1766
77,969,6,1046
263,904,9,1167
193,784,7,977
852,220,4,1072
644,858,5,1502
42,888,7,930
633,859,8,1492
611,489,6,1100
760,75,7,835
162,804,9,966
563,208,1,771
178,280,8,458
307,878,3,1185
544,431,6,975
291,245,8,536
164,240,2,404
189,527,2,716
944,279,6,1223
538,884,3,1422
7,644,4,651
496,80,10,576
124,379,1,503
389,510,8,899
616,774,1,1390
809,302,8,1111
542,591,9,1133
455,294,3,749
144,414,10,558
675,416,9,1091
592,271,9,863
732,979,8,1711
754,852,5,1606
209,795,5,1004
352,908,1,1260
878,303,6,1181
587,909,10,1496
717,864,2,1581
815,547,4,1362
761,618,5,1379
394,933,9,1327
24,557,9,581
447,828,6,1275
111,952,7,1063
79,336,1,415
808,586,7,1394
778,919,10,1697
143,828,8,971
69,855,5,924
240,744,9,984
37,722,1,759
875,311,9,1186
494,79,8,573
641,979,8,1620
443,450,9,893
752,970,2,1722
958,938,9,1896
678,304,2,982
988,559,10,1547
260,10,5,270
320,904,4,1224
110,256,8,366
899,332,10,1231
550,102,2,652
392,273,8,665
769,745,10,1514
391,900,6,1291
772,141,9,913
336,339,2,675
752,88,5,840
932,760,4,1692
373,153,5,526
643,323,7,966
843,144,8,987
330,993,7,1323
328,809,8,1137
10,838,4,848
868,815,9,1683
545,395,4,940
388,526,10,914
692,939,9,1631
781,430,9,1211
36,767,2,803
641,990,10,1631
389,764,10,1153
144,441,4,585
974,862,7,1836
281,88,6,369
886,622,10,1508
242,480,4,722
742,637,6,1379
10,708,3,718
38,686,6,724
119,940,6,1059
607,34,10,641
758,921,2,1679
595,553,4,1148
156,744,1,900
161,378,1,539
457,876,10,1333
7,615,1,622
429,431,5,860
944,806,3,1750
352,942,7,1294
686,451,2,1137
629,159,3,788
297,778,5,1075
791,819,5,1610
415,618,8,1033
7,327,1,334
638,839,2,1477
97,934,8,1031
267,552,3,819
859,369,8,1228
389,415,8,804
452,123,7,575
593,547,1,1140
804,235,3,1039
333,31,4,364
423,279,5,702
699,10,4,709
849,51,10,900
158,8,2,166
428,622,6,1050
679,333,4,1012
142,44,2,186
449,282,9,731
303,45,7,348
351,275,7,626
350,26,5,376
330,928,6,1258
994,587,1,1581
747,623,3,1370
3,380,6,383
510,838,10,1348
936,805,5,1741
214,188,10,402
39,904,2,943
775,264,4,1039
171,184,5,355
479,951,8,1430
513,90,3,603
407,675,9,1082
34,91,10,125
535,896,10,1431
507,971,3,1478
749,720,9,1469
955,395,8,1350
155,897,4,1052
438,647,2,1085
482,261,5,743
616,962,2,1578
765,286,8,1051
169,14,10,183
694,963,4,1657
394,979,10,1373
624,238,2,862
447,346,1,793
641,2,10,643
387,111,3,498
104,365,1,469
521,340,5,861
615,475,1,1090
8,466,9,474
972,582,4,1554
391,866,4,1257
972,573,3,1545
4,337,2,341
243,251,1,494
645,775,7,1420
782,846,3,1628
649,575,8,1224
560,119,8,679
326,857,4,1183
309,297,5,606
648,648,9,1296
131,326,4,457
683,873,8,1556
728,784,1,1512
504,543,1,1047
64,814,8,878
151,246,2,397
48,811,4,859
755,926,3,1681
904,727,1,1631
457,940,3,1397
817,662,3,1479
824,312,9,1136
185,228,9,413
370,210,4,580
939,257,8,1196
781,918,5,1699
900,59,3,959
51,247,7,298
546,163,7,709
876,635,2,1511
63,81,9,144
648,239,2,887
243,3,6,246
766,47,2,813
598,453,9,1051
148,223,5,371
673,680,10,1353
837,450,5,1287
206,196,1,402
534,530,7,1064
326,239,1,565
970,549,4,1519
871,930,2,1801
293,667,4,960
734,431,9,1165
708,299,4,1007
509,507,5,1016
678,45,4,723
32,914,7,946
793,361,4,1154
105,579,6,684
66,601,10,667
219,584,9,803
31,43,5,74
219,978,2,1197
777,87,2,864
571,348,5,919
478,694,5,1172
549,988,8,1537
984,233,9,1217
352,882,8,1234
107,978,5,1085
773,853,8,1626
802,630,3,1432
430,874,2,1304
405,819,8,1224
761,629,7,1390
117,855,4,972
177,798,5,975
895,55,6,950
154,744,4,898
422,936,9,1358
946,180,7,1126
203,406,10,609
751,787,5,1538
923,588,7,1511
559,84,2,643
225,822,9,1047
500,772,9,1272
158,984,6,1142
930,240,2,1170
61,823,9,884
584,326,9,910
235,113,7,348
876,127,9,1003
460,868,7,1328
389,450,10,839
748,882,2,1630
451,209,8,660
981,965,10,1946
431,831,4,1262
292,997,4,1289
537,957,6,1494
708,799,1,1507
493,983,1,1476
354,277,9,631
742,973,10,1715
792,26,4,818
923,320,3,1243
960,774,5,1734
736,760,10,1496
854,192,10,1046
491,725,4,1216
63,295,6,358
444,891,10,1335
753,904,7,1657
743,686,10,1429
308,102,10,410
930,676,8,1606
222,218,6,440
936,75,9,1011
724,298,1,1022
823,199,2,1022
85,590,2,675
895,832,5,1727
161,7,8,168
15,180,2,195
162,159,7,321
73,408,2,481
444,772,5,1216
572,335,10,907
446,132,2,578
867,749,4,1616
251,438,6,689
113,827,4,940
304,294,7,598
571,351,1,922
772,973,1,1745
912,26,5,938
691,298,10,989
542,652,7,1194
778,913,3,1691
928,391,9,1319
4,258,3,262
716,472,10,1188
374,372,7,746
586,15,7,601
188,914,6,1102
658,413,5,1071
104,719,10,823
335,835,9,1170
221,970,5,1191
510,252,6,762
479,958,5,1437
850,72,5,922
121,583,8,704
626,906,1,1532
550,41,3,591
233,970,4,1203
554,554,2,1108
709,639,9,1348
836,912,2,1748
664,724,9,1388
999,616,7,1615
445,470,3,915
655,739,9,1394
372,573,4,945
150,564,10,714
837,299,3,1136
259,492,6,751
485,254,4,739
166,397,5,563
329,479,10,808
482,370,1,852
57,365,5,422
648,349,6,997
444,136,10,580
134,237,3,371
53,584,5,637
867,805,6,1672
677,532,8,1209
348,169,8,517
140,681,6,821
126,337,7,463
903,241,9,1144
944,665,7,1609
856,518,4,1374
984,57,7,1041
633,630,6,1263
843,143,6,986
551,693,4,1244
565,649,10,1214
137,271,5,408
32,527,2,559
230,246,1,476
204,207,3,411
450,446,8,896
986,460,9,1446
908,535,6,1443
447,672,5,1119
273,848,3,1121
618,64,10,682
158,863,5,1021
340,936,1,1276
981,679,1,1660
795,604,9,1399
880,536,4,1416
885,518,1,1403
226,83,10,309
256,429,3,685
47,71,9,118
24,212,2,236
658,648,5,1306
563,163,3,726
904,551,2,1455
859,98,10,957
846,829,2,1675
446,924,7,1370
837,795,10,1632
50,423,3,473
544,947,9,1491
461,842,7,1303
915,493,2,1408
164,983,2,1147
155,663,8,818
982,919,5,1901
208,748,10,956
646,65,4,711
436,377,6,813
609,126,2,735
868,221,5,1089
568,700,9,1268
820,788,1,1608
489,712,10,1201
538,258,7,796
446,34,6,480
531,485,2,1016
76,568,4,644
199,979,7,1178
223,71,10,294
542,172,3,714
972,963,5,1935
563,290,10,853
49,99,4,148
15,555,6,570
866,233,10,1099
55,109,2,164
399,939,7,1338
673,803,5,1476
817,679,2,1496
463,493,4,956
273,425,1,698
314,630,8,944
602,761,8,1363
234,187,8,421
791,472,9,1263
744,743,1,1487
293,787,7,1080
554,945,8,1499
801,506,3,1307
265,186,7,451
239,856,2,1095
601,491,8,1092
831,93,6,924
64,661,9,725
55,849,1,904
960,152,8,1112
170,526,4,696
368,973,6,1341
775,945,9,1720
636,4,10,640
91,450,3,541
73,819,7,892
196,549,6,745
953,4,9,957
899,643,8,1542
67,584,8,651
176,691,7,867
285,535,3,820
430,768,4,1198
863,302,10,1165
940,36,7,976
397,75,8,472
845,831,2,1676
182,270,3,452
843,109,10,952
437,995,9,1432
590,29,10,619
392,532,3,924
366,488,6,854
920,255,1,1175
781,46,1,827
738,149,3,887
858,586,6,1444
233,594,1,827
314,73,1,387
152,596,1,748
525,324,4,849
664,37,6,701
337,360,9,697
700,897,10,1597
200,989,2,1189
943,971,9,1914
291,586,9,877
604,21,7,625
241,781,8,1022
890,377,6,1267
906,139,6,1045
912,856,7,1768
981,573,4,1554
152,720,2,872
137,372,2,509
272,335,1,607
905,853,1,1758
322,990,8,1312
175,143,3,318
254,389,10,643
802,4,1,806
158,620,6,778
849,615,7,1464
769,143,5,912
179,559,6,738
639,770,4,1409
966,753,8,1719
443,660,2,1103
14,343,1,357
722,555,7,1277
756,453,9,1209
862,905,4,1767
498,636,9,1134
317,853,6,1170
576,33,2,609
702,582,9,1284
856,768,10,1624
786,124,4,910
215,447,10,662
719,863,7,1582
218,606,1,824
777,24,7,801
705,366,7,1071
903,854,1,1757
849,924,5,1773
11,979,4,990
365,834,4,1199
913,283,4,1196
20,471,6,491
651,453,5,1104
235,94,9,329
450,957,7,1407
692,629,4,1321
796,806,10,1602
45,821,10,866
864,301,7,1165
974,490,1,1464
298,499,1,797
721,179,7,900
206,606,6,812
907,864,7,1771
832,380,8,1212
568,50,10,618
934,985,5,1919
496,177,6,673
21,994,7,1015
37,440,7,477
191,828,5,1019
950,625,1,1575
130,830,3,960
327,303,10,630
677,171,6,848
694,673,9,1367
577,897,9,1474
184,182,2,366
436,849,4,1285
445,292,6,737
649,989,3,1638
415,545,6,960
177,998,7,1175
739,425,10,1164
36,748,7,784
648,653,2,1301
277,745,3,1022
568,517,5,1085
569,582,4,1151
911,595,2,1506
437,41,10,478
387,528,3,915
113,507,3,620
940,607,5,1547
527,565,9,1092
187,715,10,902
371,694,4,1065
1,460,6,461
538,420,1,958
239,292,10,531
173,959,8,1132
854,618,4,1472
585,651,8,1236
341,919,2,1260
285,255,1,540
940,642,10,1582
817,966,1,1783
547,140,8,687
78,357,1,435
28,489,6,517
405,329,3,734
942,204,10,1146
881,963,1,1844
396,261,10,657
949,157,2,1106
302,521,8,823
21,679,4,700
935,280,5,1215
482,790,3,1272
865,43,6,908
72,997,3,1069
537,26,10,563
550,585,8,1135
851,597,5,1448
91,337,2,428
583,591,4,1174
240,525,8,765
521,621,6,1142
96,695,9,791
175,637,6,812
858,47,6,905
876,625,3,1501
737,987,6,1724
745,534,1,1279
242,808,2,1050
498,928,6,1426
163,981,5,1144
346,576,8,922
351,474,7,825
30,503,5,533
66,721,5,787
263,504,5,767
23,712,4,735
478,988,6,1466
761,255,4,1016
940,147,4,1087
450,427,10,877
59,823,1,882
417,199,2,616
130,980,1,1110
635,980,2,1615
386,920,8,1306
85,231,5,316
653,216,3,869
151,957,2,1108
944,19,4,963
836,691,6,1527
374,197,6,571
970,556,2,1526
221,205,3,426
472,30,1,502
59,495,6,554
254,430,7,684
328,823,8,1151
675,366,10,1041
73,458,10,531
890,155,9,1045
730,677,6,1407
939,639,6,1578
205,261,5,466
930,698,8,1628
706,420,5,1126
52,863,7,915
828,322,1,1150
448,911,4,1359
973,95,4,1068
148,573,9,721
767,838,10,1605
283,734,2,1017
408,774,9,1182
388,368,6,756
881,20,3,901
916,671,1,1587
823,173,5,996
249,237,6,486
695,405,6,1100
459,85,7,544
657,289,7,946
728,793,9,1521
270,473,3,743
176,809,6,985
585,368,8,953
972,43,7,1015
371,354,8,725
179,858,2,1037
975,135,6,1110
656,813,6,1469
805,639,7,1444
100,688,7,788
387,544,4,931
353,397,5,750
509,827,8,1336
647,463,9,1110
748,681,4,1429
618,872,3,1490
707,527,5,1234
155,522,9,677
85,692,1,777
556,936,1,1492
685,500,8,1185
203,717,8,920
933,183,10,1116
880,100,4,980
124,331,2,455
553,881,6,1434
269,481,8,750
577,719,9,1296
293,602,10,895
149,51,3,200
158,681,5,839
920,986,1,1906
385,5,8,390
715,876,6,1591
143,809,2,952
153,686,4,839
391,892,3,1283
50,81,1,131
645,365,7,1010
634,141,9,775
728,650,10,1378
644,779,6,1423
870,432,9,1302
301,747,1,1048
775,799,1,1574
355,576,8,931
258,723,4,981
539,26,2,565
301,744,8,1045
913,794,5,1707
988,294,1,1282
110,950,9,1060
182,907,9,1089
352,602,7,954
948,885,8,1833
350,26,8,376
840,517,9,1357
798,582,2,1380
110,635,10,745
276,823,8,1099
584,49,4,633
662,411,9,1073
713,646,8,1359
644,440,1,1084
423,830,3,1253
227,325,7,552
491,429,5,920
347,915,10,1262
210,763,2,973
800,167,6,967
430,265,9,695
29,192,5,221
472,703,3,1175
874,206,6,1080
816,640,3,1456
803,434,5,1237
527,996,7,1523
187,433,1,620
593,227,2,820
536,687,5,1223
620,834,4,1454
639,518,10,1157
43,810,5,853
242,445,7,687
418,896,10,1314
113,123,1,236
407,107,4,514
992,91,2,1083
708,333,2,1041
977,974,8,1951
909,939,9,1848
421,595,8,1016
808,648,8,1456
997,478,3,1475
192,936,3,1128
54,761,7,815
542,342,6,884
338,818,2,1156
275,938,3,1213
361,178,5,539
670,316,10,986
988,700,6,1688
357,956,5,1313
816,815,1,1631
374,155,3,529
56,641,4,697
251,515,6,766
99,917,4,1016
402,729,7,1131
719,531,10,1250
134,910,8,1044
422,736,7,1158
167,85,6,252
589,422,2,1011
709,900,9,1609
620,983,6,1603
950,605,3,1555
425,971,5,1396
913,894,10,1807
511,970,3,1481
764,535,8,1299
374,981,6,1355
474,708,2,1182
947,713,3,1660
842,540,9,1382
462,40,2,502
201,886,2,1087
833,618,3,1451
890,77,1,967
738,166,3,904
727,306,1,1033
32,975,9,1007
658,707,2,1365
115,255,6,370
436,497,6,933
580,578,5,1158
159,649,10,808
629,637,4,1266
260,906,9,1166
156,848,9,1004
64,363,10,427
903,490,9,1393
206,14,3,220
273,548,1,821
393,531,10,924
597,819,1,1416
680,572,7,1252
85,15,5,100
924,878,10,1802
87,567,3,654
565,777,8,1342
321,217,10,538
244,685,6,929
385,168,7,553
132,522,7,654
841,181,9,1022
944,701,3,1645
130,923,1,1053
891,457,6,1348
242,141,7,383
937,874,1,1811
382,1,5,383
685,919,6,1604
277,795,8,1072
538,410,9,948
494,127,9,621
295,534,3,829
397,285,2,682
689,700,6,1389
67,309,5,376
218,104,3,322
854,54,7,908
75,928,2,1003
858,874,8,1732
82,791,10,873
407,38,10,445
48,745,10,793
703,928,3,1631
883,286,5,1169
595,576,3,1171
155,5,6,160
564,389,4,953
130,149,3,279
557,383,5,940
24,496,8,520
612,263,3,875
627,950,2,1577
259,847,8,1106
851,770,5,1621
916,480,3,1396
56,507,2,563
655,127,7,782
665,858,5,1523
974,39,5,1013
277,188,5,465
841,919,8,1760
436,367,1,803
651,133,8,784
99,132,4,231
825,951,4,1776
798,494,3,1292
326,201,10,527
580,435,1,1015
940,359,6,1299
914,210,1,1124
629,174,2,803
355,816,2,1171
460,259,2,719
570,77,8,647
219,912,6,1131
768,343,6,1111
369,549,9,918
38,333,3,371
652,21,5,673
966,633,10,1599
653,454,9,1107
710,854,9,1564
21,533,1,554
564,644,1,1208
377,296,6,673
887,733,3,1620
44,729,2,773
357,282,4,639
437,771,1,1208
163,110,6,273
663,137,6,800
330,566,9,896
648,153,4,801
146,256,6,402
819,797,9,1616
234,666,1,900
697,894,1,1591
443,415,4,858
213,827,6,1040
531,32,1,563
894,546,9,1440
75,730,1,805
969,137,2,1106
342,991,10,1333
633,465,7,1098
634,386,3,1020
305,635,7,940
785,707,9,1492
275,870,10,1145
691,94,2,785
108,899,8,1007
446,566,8,1012
608,884,7,1492
7,391,3,398
607,611,6,1218
827,763,1,1590
58,10,6,68
264,615,2,879
246,300,2,546
359,28,2,387
546,218,7,764
988,645,7,1633
757,698,8,1455
810,288,3,1098
684,294,7,978
786,910,2,1696
160,564,3,724
19,757,5,776
264,50,4,314
110,163,9,273
457,677,6,1134
934,204,10,1138
520,571,10,1091
738,845,7,1583
313,750,10,1063
313,166,9,479
69,243,10,312
146,876,5,1022
736,315,3,1051
319,317,7,636
4,848,10,852
48,869,5,917
820,955,9,1775
28,485,6,513
355,334,6,689
122,398,2,520
177,245,7,422
912,565,7,1477
551,845,9,1396
750,340,9,1090
535,944,10,1479
941,956,7,1897
2,812,3,814
477,130,2,607
758,598,4,1356
964,786,3,1750
837,303,10,1140
378,952,8,1330
964,381,9,1345
154,199,1,353
37,958,7,995
203,419,4,622
454,667,9,1121
315,570,10,885
704,198,9,902
747,288,10,1035
977,889,10,1866
600,523,7,1123
81,396,6,477
812,201,9,1013
234,898,9,1132
336,568,10,904
714,574,10,1288
237,826,9,1063
117,778,3,895
243,790,5,1033
242,609,7,851
127,868,2,995
121,64,8,185
318,787,2,1105
20,658,5,678
410,663,4,1073
445,809,1,1254
395,402,2,797
712,739,10,1451
8,46,2,54
796,3,3,799
500,816,4,1316
85,963,2,1048
444,80,4,524
699,307,2,1006
384,988,8,1372
518,560,6,1078
614,325,10,939
325,425,8,750
285,300,3,585
243,273,8,516
43,267,7,310
210,790,4,1000
425,910,10,1335
714,773,8,1487
820,118,7,938
430,27,1,457
532,301,3,833
439,319,1,758
913,863,1,1776
267,850,3,1117
100,523,4,623
942,950,4,1892
671,697,7,1368
59,336,2,395
13,17,6,30
549,589,6,1138
8,729,4,737
49,825,10,874
297,210,10,507
61,617,5,678
17,892,3,909
936,576,4,1512
91,596,10,687
343,776,3,1119
609,129,8,738
498,727,1,1225
422,689,4,1111
539,884,8,1423
555,777,1,1332
3,31,10,34
51,690,10,741
13,190,7,203
559,70,5,629
515,189,1,704
255,366,9,621
514,391,9,905
207,888,8,1095
661,753,3,1414
421,492,1,913
907,665,9,1572
876,586,8,1462
206,782,2,988
946,813,6,1759
438,999,8,1437
702,417,4,1119
801,53,2,854
252,245,2,497
180,645,4,825
840,960,6,1800
749,539,6,1288
170,548,5,718
643,809,5,1452
417,727,5,1144
811,258,6,1069
513,812,1,1325
925,498,6,1423
13,95,5,108
565,982,7,1547
333,733,5,1066
824,429,7,1253
235,631,7,866
513,461,2,974
624,985,2,1609
833,914,7,1747
630,90,6,720
712,545,5,1257
435,255,9,690
359,783,6,1142
807,41,10,848
752,33,7,785
694,275,2,969
247,819,5,1066
687,842,5,1529
833,365,10,1198
939,348,1,1287
404,293,1,697
810,362,9,1172
974,947,7,1921
181,521,7,702
421,463,4,884
952,203,6,1155
488,470,6,958
174,658,2,832
407,589,9,996
860,388,6,1248
414,519,9,933
434,303,4,737
638,755,5,1393
828,309,1,1137
832,311,3,1143
903,395,6,1298
751,93,1,844
552,284,2,836
631,852,6,1483
79,992,3,1071
796,237,10,1033
997,985,4,1982
105,756,5,861
234,278,9,512
85,614,1,699
652,256,2,908
647,374,8,1021
542,700,10,1242
877,344,4,1221
725,822,6,1547
109,755,5,864
921,849,3,1770
159,152,6,311
835,472,6,1307
825,828,8,1653
149,12,8,161
376,579,5,955
100,6,8,106
753,188,8,941
975,685,5,1660
154,920,5,1074
228,683,1,911
646,996,6,1642
230,790,10,1020
949,767,6,1716
915,480,9,1395
650,747,4,1397
622,126,4,748
153,57,1,210
957,96,10,1053
791,31,3,822
57,468,2,525
781,6,9,787
995,332,9,1327
597,656,3,1253
644,464,6,1108
850,590,6,1440
445,311,7,756
788,333,4,1121
782,392,8,1174
960,528,10,1488
487,980,4,1467
384,53,3,437
367,658,9,1025
731,279,3,1010
976,823,4,1799
980,620,9,1600
975,521,1,1496
418,581,2,999
595,451,7,1046
283,19,2,302
171,466,9,637
696,630,9,1326
344,372,6,716
416,241,9,657
128,25,5,153
764,293,6,1057
562,340,1,902
797,809,8,1606
51,512,10,563
883,953,7,1836
172,667,7,839
400,619,5,1019
991,997,5,1988
995,934,9,1929
84,881,5,965
687,336,10,1023
261,367,3,628
644,758,1,1402
227,811,4,1038
368,158,1,526
591,285,8,876
689,62,9,751
448,237,6,685
170,341,9,511
357,762,8,1119
690,911,2,1601
216,71,6,287
231,302,9,533
365,934,7,1299
78,514,2,592
493,785,1,1278
20,126,1,146
222,937,8,1159
964,906,8,1870
710,162,4,872
90,118,2,208
411,689,8,1100
949,578,1,1527
243,517,5,760
413,49,9,462
328,403,2,731
620,848,8,1468
9,922,2,931
671,929,6,1600
921,59,2,980
848,23,3,871
35,906,4,941
549,107,8,656
798,179,1,977
110,483,7,593
775,627,10,1402
211,532,4,743
373,365,3,738
759,389,8,1148
3,339,1,342
794,883,6,1677
724,933,6,1657
616,877,8,1493
207,611,4,818
333,569,8,902
452,692,1,1144
320,327,4,647
755,12,2,767
374,329,7,703
763,660,9,1423
690,904,7,1594
971,863,4,1834
457,539,1,996
612,990,7,1602
259,208,4,467
480,229,1,709
847,683,4,1530
925,6,7,931
20,503,10,523
717,205,6,922
910,83,2,993
117,456,4,573
643,791,7,1434
248,860,5,1108
79,87,8,166
364,27,5,391
647,674,6,1321
242,740,8,982
405,839,6,1244
190,801,7,991
335,251,4,586
39,993,10,1032
832,541,6,1373
285,237,1,522
774,858,7,1632
759,852,7,1611
638,438,6,1076
680,378,7,1058
787,730,10,1517
242,477,9,719
717,604,3,1321
199,911,7,1110
538,645,6,1183
826,685,2,1511
900,854,4,1754
590,96,7,686
754,647,4,1401
617,162,3,779
711,582,1,1293
61,878,3,939
401,542,10,943
923,213,7,1136
448,407,2,855
68,72,4,140
655,572,7,1227
369,94,3,463
532,897,7,1429
910,768,1,1678
51,628,9,679
695,96,10,791
424,685,7,1109
98,802,4,900
650,260,1,910
555,301,4,856
481,666,3,1147
564,73,10,637
929,180,1,1109
660,241,7,901
564,258,7,822
49,156,1,205
49,22,3,71
359,911,10,1270
749,755,8,1504
185,76,1,261
878,257,5,1135
652,84,9,736
422,175,2,597
999,759,5,1758
0,372,10,372
14,391,5,405
812,564,8,1376
819,496,5,1315
674,770,5,1444
357,567,5,924
921,355,8,1276
625,445,4,1070
903,822,8,1725
314,341,2,655
442,362,8,804
718,703,5,1421
661,626,6,1287
938,230,3,1168
517,405,5,922
334,486,4,820
714,260,9,974
987,374,5,1361
168,763,5,931
188,865,2,1053
329,680,3,1009
961,558,7,1519
647,615,4,1262
490,244,3,734
946,766,5,1712
535,938,10,1473
932,197,10,1129
263,970,6,1233
622,564,2,1186
271,994,6,1265
716,927,7,1643
31,406,4,437
98,23,4,121
692,304,10,996
146,412,2,558
843,823,2,1666
362,799,8,1161
38,183,4,221
741,306,1,1047
489,21,8,510
895,360,9,1255
39,886,9,925
806,863,10,1669
133,590,2,723
310,340,10,650
55,912,10,967
366,6,8,372
586,24,4,610
704,98,8,802
654,533,7,1187
400,202,9,602
601,144,3,745
544,633,1,1177
55,394,5,449
235,602,10,837
44,300,8,344
265,391,7,656
508,883,1,1391
311,109,8,420
828,789,3,1617
118,295,2,413
979,432,2,1411
760,830,6,1590
496,532,10,1028
578,974,4,1552
237,825,4,1062
839,370,5,1209
647,542,3,1189
849,39,5,888
320,698,9,1018
355,950,2,1305
235,218,4,453
131,80,7,211
423,282,6,705
916,309,9,1225
153,438,3,591
829,5,3,834
381,476,9,857
600,576,9,1176
320,843,8,1163
473,824,2,1297
798,150,3,948
965,546,6,1511
278,485,1,763
988,341,2,1329
732,568,9,1300
148,964,10,1112
165,829,5,994
73,448,10,521
824,830,9,1654
714,640,5,1354
156,397,3,553
677,915,10,1592
788,422,10,1210
398,179,1,577
81,518,2,599
791,293,1,1084
734,102,3,836
342,855,4,1197
311,65,5,376
312,327,4,639
80,516,4,596
900,528,1,1428
216,909,9,1125
685,678,8,1363
488,795,9,1283
205,58,7,263
752,710,4,1462
434,835,10,1269
666,312,3,978
431,583,1,1014
228,543,1,771
861,968,4,1829
764,330,7,1094
187,985,5,1172
645,367,10,1012
105,255,1,360
485,279,8,764
890,343,8,1233
991,349,2,1340
269,978,7,1247
788,578,9,1366
495,523,10,1018
439,657,1,1096
648,38,6,686
857,59,4,916
367,462,2,829
292,372,9,664
65,349,5,414
802,938,5,1740
241,234,2,475
879,273,9,1152
107,122,6,229
730,687,8,1417
748,913,3,1661
895,350,4,1245
956,129,2,1085
878,155,9,1033
654,83,9,737
126,332,4,458
222,835,3,1057
301,708,5,1009
232,970,2,1202
423,57,10,480
287,761,7,1048
170,490,3,660
324,661,2,985
356,582,7,938
614,536,6,1150
167,448,9,615
594,838,4,1432
557,246,10,803
39,120,8,159
532,8,6,540
959,740,3,1699
594,48,10,642
909,78,4,987
97,310,6,407
346,186,7,532
712,620,6,1332
79,733,5,812
615,829,6,1444
825,202,10,1027
908,275,5,1183
949,170,5,1119
386,735,2,1121
888,677,3,1565
532,18,9,550
23,570,7,593
538,677,2,1215
371,518,8,889
314,998,10,1312
11,992,9,1003
625,986,6,1611
846,698,10,1544
190,233,10,423
169,583,6,752
613,794,3,1407
375,853,10,1228
183,822,1,1005
683,767,10,1450
711,803,4,1514
416,811,4,1227
402,268,9,670
260,350,7,610
739,578,5,1317
250,229,5,479
665,102,1,767
541,336,6,877
251,827,6,1078
623,487,10,1110
344,661,9,1005
642,709,5,1351
783,915,4,1698
806,341,10,1147
706,699,3,1405
506,111,4,617
199,971,9,1170
83,475,10,558
872,950,5,1822
870,500,9,1370
186,392,5,578
998,96,4,1094
809,898,9,1707
190,437,4,627
977,875,2,1852
728,435,8,1163
0,842,2,842
767,910,2,1677
297,854,2,1151
109,972,1,1081
996,665,4,1661
124,374,9,498
218,963,10,1181
526,978,10,1504
184,742,9,926
373,794,2,1167
630,535,10,1165
462,421,5,883
901,212,9,1113
423,686,5,1109
526,714,3,1240
797,338,6,1135
830,200,4,1030
284,741,8,1025
157,347,1,504
936,226,5,1162
740,734,8,1474
273,931,3,1204
378,420,1,798
246,183,7,429
475,95,5,570
820,115,5,935
767,167,3,934
750,878,1,1628
816,427,8,1243
850,177,2,1027
405,338,9,743
208,253,3,461
308,138,5,446
685,763,6,1448
987,491,2,1478
548,835,1,1383
254,24,4,278
380,957,2,1337
859,213,3,1072
316,544,5,860
634,171,4,805
798,429,4,1227
906,152,2,1058
703,602,8,1305
916,177,3,1093
877,998,8,1875
735,531,6,1266
680,382,1,1062
126,72,3,198
973,503,3,1476
435,859,7,1294
974,269,4,1243
904,485,6,1389
170,850,7,1020
161,794,8,955
441,597,8,1038
901,61,10,962
390,99,3,489
341,886,9,1227
528,601,7,1129
580,949,9,1529
624,978,1,1602
621,489,5,1110
29,409,7,438
339,704,4,1043
381,792,6,1173
77,994,8,1071
558,175,3,733
408,769,6,1177
62,939,5,1001
6,38,2,44
756,442,2,1198
792,228,5,1020
945,796,8,1741
483,509,3,992
858,294,2,1152
238,417,6,655
575,450,3,1025
507,69,1,576
940,707,10,1647
894,327,4,1221
325,352,4,677
582,913,10,1495
23,203,6,226
212,465,9,677
152,149,8,301
438,416,1,854
758,483,8,1241
245,530,9,775
942,683,10,1625
959,898,9,1857
708,108,7,816
237,408,9,645
316,529,6,845
708,709,3,1417
940,29,8,969
65,107,6,172
668,156,8,824
171,150,8,321
854,494,4,1348
874,934,5,1808
644,559,4,1203
630,595,1,1225
73,729,6,802
397,78,6,475
961,711,4,1672
514,64,1,578
630,378,10,1008
814,884,6,1698
160,852,9,1012
377,704,1,1081
603,133,9,736
134,329,2,463
64,969,4,1033
274,119,9,393
129,838,6,967
16,123,5,139
67,984,4,1051
35,569,8,604
608,107,3,715
615,187,5,802
763,702,1,1465
443,351,3,794
952,421,8,1373
449,849,5,1298
306,691,3,997
229,129,9,358
433,618,6,1051
30,349,9,379
826,490,7,1316
288,940,9,1228
296,755,5,1051
694,240,1,934
318,859,5,1177
722,924,10,1646
752,283,10,1035
523,862,5,1385
59,201,9,260
278,875,4,1153
444,909,6,1353
324,300,1,624
675,912,8,1587
259,218,10,477
116,118,9,234
429,411,6,840
288,307,4,595
785,494,8,1279
717,797,1,1514
857,923,3,1780
67,70,2,137
245,743,5,988
183,57,6,240
564,515,9,1079
482,742,1,1224
698,299,6,997
929,960,3,1889
370,565,10,935
547,114,7,661
140,84,10,224
869,573,5,1442
346,135,8,481
555,224,9,779
745,969,9,1714
249,977,2,1226
61,506,2,567
697,110,2,807
244,72,1,316
421,520,6,941
238,459,8,697
396,708,3,1104
505,891,3,1396
830,224,2,1054
22,85,3,107
548,674,2,1222
922,264,6,1186
878,153,5,1031
170,258,7,428
946,583,2,1529
392,664,10,1056
913,424,3,1337
35,352,10,387
434,380,9,814
799,417,1,1216
535,230,7,765
964,170,10,1134
103,353,2,456
664,749,2,1413
139,480,3,619
247,120,1,367
183,305,2,488
927,638,4,1565
775,715,5,1490
626,503,8,1129
510,82,4,592
380,570,9,950
561,375,7,936
439,171,5,610
488,352,2,840
398,177,7,575
797,259,6,1056
828,431,1,1259
151,644,1,795
647,808,5,1455
902,701,8,1603
144,705,6,849
810,837,2,1647
792,400,7,1192
479,140,2,619
121,810,4,931
93,68,7,161
409,406,1,815
698,385,7,1083
703,403,1,1106
204,117,10,321
504,276,5,780
558,627,8,1185
880,581,4,1461
257,521,8,778
950,256,5,1206
540,935,3,1475
865,126,8,991
199,378,2,577
981,284,10,1265
123,429,10,552
781,383,7,1164
850,657,1,1507
974,967,2,1941
615,914,4,1529
7,515,9,522
46,270,6,316
604,641,10,1245
748,378,7,1126
356,627,5,983
407,635,10,1042
280,900,3,1180
283,879,8,1162
823,746,1,1569
733,970,4,1703
816,406,8,1222
259,762,6,1021
182,53,10,235
943,755,8,1698
138,591,10,729
640,34,6,674
896,125,7,1021
451,387,7,838
632,323,2,955
867,111,6,978
982,602,2,1584
811,405,8,1216
19,613,8,632
121,291,6,412
269,153,5,422
550,176,2,726
36,862,1,898
785,833,3,1618
747,5,2,752
589,755,10,1344
8,371,9,379
407,880,6,1287
626,482,8,1108
955,842,5,1797
591,757,10,1348
837,635,8,1472
200,23,6,223
746,760,5,1506
646,218,7,864
622,12,3,634
931,458,4,1389
129,15,5,144
256,170,10,426
138,384,7,522
83,894,9,977
121,709,10,830
133,123,3,256
689,302,5,991
328,102,2,430
412,20,10,432
243,284,3,527
807,531,4,1338
539,726,1,1265
427,113,5,540
758,848,2,1606
261,91,1,352
988,634,10,1622
379,582,10,961
42,272,8,314
625,805,4,1430
642,893,3,1535
397,980,5,1377
107,243,8,350
721,461,6,1182
670,713,10,1383
715,165,2,880
978,458,8,1436
811,929,8,1740
751,253,2,1004
815,458,3,1273
529,395,1,924
179,46,4,225
126,224,1,350
224,163,4,387
113,127,5,240
938,873,6,1811
318,823,4,1141
816,791,6,1607
525,47,9,572
280,976,2,1256
737,967,4,1704
774,883,2,1657
341,100,9,441
692,989,4,1681
287,662,7,949
719,339,10,1058
204,378,3,582
852,955,4,1807
764,937,9,1701
407,269,5,676
182,154,4,336
647,647,8,1294
250,945,9,1195
472,334,9,806
394,496,4,890
401,798,9,1199
758,18,4,776
53,892,1,945
871,512,9,1383
981,244,5,1225
556,447,9,1003
839,398,6,1237
286,545,7,831
467,625,4,1092
302,998,8,1300
72,789,2,861
394,95,8,489
893,813,2,1706
172,632,8,804
752,341,10,1093
22,203,9,225
334,934,3,1268
717,339,4,1056
547,308,8,855
531,971,9,1502
889,548,8,1437
974,44,5,1018
978,170,2,1148
730,3,1,733
991,544,3,1535
621,602,1,1223
982,386,4,1368
624,279,2,903
587,978,10,1565
523,273,2,796
558,478,7,1036
721,454,1,1175
958,729,3,1687
549,382,2,931
931,352,6,1283
768,732,7,1500
775,2,6,777
324,177,2,501
900,793,9,1693
523,824,1,1347
144,280,10,424
945,530,8,1475
6,234,4,240
766,667,5,1433
151,329,3,480
85,121,6,206
311,662,10,973
878,775,3,1653
587,197,5,784
415,94,3,509
903,641,9,1544
0,652,1,652
231,853,3,1084
302,981,4,1283
13,349,3,362
950,77,8,1027
135,88,8,223
982,420,7,1402
409,778,8,1187
370,440,7,810
327,276,7,603
417,221,2,638
665,979,9,1644
453,30,6,483
797,598,6,1395
251,472,7,723
939,960,2,1899
138,427,7,565
300,520,3,820
620,136,10,756
85,614,3,699
505,982,2,1487
117,526,5,643
985,686,2,1671
961,93,3,1054
36,209,4,245
38,973,7,1011
474,672,2,1146
87,362,9,449
289,128,9,417
376,298,3,674
573,907,8,1480
818,105,10,923
278,969,1,1247
901,570,3,1471
90,893,2,983
6,562,4,568
985,422,10,1407
426,674,1,1100
304,487,5,791
373,523,6,896
772,99,10,871
934,506,6,1440
820,501,9,1321
325,410,2,735
422,29,9,451
356,48,4,404
111,112,1,223
584,973,6,1557
664,170,2,834
679,667,5,1346
839,333,1,1172
445,345,6,790
550,32,7,582
984,27,2,1011
655,505,2,1160
136,109,1,245
248,842,7,1090
738,226,10,964
887,906,4,1793
106,389,7,495
673,218,1,891
177,683,1,860
126,180,3,306
551,422,8,973
679,819,1,1498
661,949,4,1610
589,224,8,813
364,436,1,800
533,376,3,909
671,964,4,1635
62,978,10,1040
19,890,2,909
778,294,5,1072
649,109,6,758
989,608,2,1597
899,758,3,1657
424,933,8,1357
400,2,4,402
61,502,2,563
636,954,9,1590
461,441,4,902
817,575,3,1392
16,15,3,31
924,121,9,1045
734,954,1,1688
674,216,9,890
757,149,2,906
956,627,6,1583
384,61,3,445
497,340,1,837
849,385,9,1234
203,388,6,591
591,729,4,1320
170,503,10,673
48,401,5,449
103,613,10,716
628,443,2,1071
798,560,7,1358
620,274,1,894
849,178,7,1027
154,397,6,551
553,576,4,1129
536,266,1,802
415,363,1,778
960,934,5,1894
918,368,9,1286
273,535,2,808
123,68,1,191
494,666,6,1160
492,531,1,1023
338,526,5,864
317,382,6,699
854,741,5,1595
555,961,5,1516
327,603,9,930
534,483,6,1017
609,713,5,1322
777,801,2,1578
23,112,8,135
380,628,1,1008
236,102,5,338
156,230,5,386
678,748,3,1426
197,314,2,511
972,745,3,1717
237,942,3,1179
45,993,8,1038
784,231,5,1015
691,570,7,1261
47,664,5,711
731,572,5,1303
417,233,1,650
55,568,8,623
979,74,1,1053
988,150,4,1138
130,753,10,883
226,704,8,930
67,270,4,337
363,86,9,449
300,99,7,399
241,601,9,842
551,752,10,1303
309,517,8,826
102,474,5,576
420,515,2,935
873,892,2,1765
52,786,8,838
844,55,2,899
887,403,5,1290
821,782,10,1603
293,548,5,841
871,904,4,1775
133,232,6,365
2,68,7,70
329,662,1,991
135,932,9,1067
524,812,4,1336
687,357,9,1044
277,968,4,1245
982,60,2,1042
912,255,8,1167
675,183,9,858
739,629,7,1368
377,643,3,1020
806,647,1,1453
687,255,1,942
446,214,2,660
950,124,5,1074
533,280,1,813
479,729,1,1208
759,281,8,1040
180,651,3,831
790,861,3,1651
113,512,6,625
40,873,3,913
845,496,4,1341
446,213,10,659
953,725,4,1678
108,100,9,208
791,660,8,1451
290,936,4,1226
891,659,8,1550
653,4,7,657
638,318,10,956
597,161,7,758
223,449,1,672
690,448,5,1138
906,354,10,1260
720,815,6,1535
575,256,8,831
246,734,3,980
115,104,5,219
461,680,4,1141
511,302,5,813
230,242,7,472
307,392,8,699
109,347,6,456
960,404,6,1364
424,301,5,725
558,852,7,1410
288,271,5,559
769,355,10,1124
70,76,9,146
19,415,2,434
362,305,6,667
44,159,7,203
113,32,1,145
369,289,8,658
238,85,2,323
533,460,4,993
46,154,3,200
577,394,8,971
28,463,10,491
981,241,2,1222
78,240,6,318
772,163,5,935
879,267,8,1146
829,382,9,1211
979,87,6,1066
377,110,4,487
823,896,6,1719
94,620,7,714
236,268,1,504
986,52,9,1038
202,886,9,1088
162,119,5,281
631,62,5,693
295,41,10,336
128,630,1,758
725,244,9,969
766,905,7,1671
643,18,2,661
204,330,6,534
581,558,10,1139
553,21,2,574
304,233,3,537
566,264,1,830
164,523,2,687
663,970,2,1633
823,438,7,1261
355,784,9,1139
604,852,6,1456
645,127,5,772
324,25,9,349
353,169,10,522
623,217,7,840
99,264,2,363
457,645,4,1102
115,229,1,344
298,156,5,454
228,532,3,760
297,800,6,1097
703,631,5,1334
834,482,4,1316
132,969,4,1101
931,314,9,1245
890,620,5,1510
63,747,7,810
659,438,5,1097
65,977,7,1042
495,522,4,1017
128,122,8,250
471,638,2,1109
390,230,6,620
815,307,8,1122
732,114,8,846
292,120,4,412
708,897,7,1605
535,115,1,650
991,450,8,1441
466,446,8,912
989,207,9,1196
373,264,9,637
379,325,8,704
255,93,9,348
104,945,8,1049
588,806,6,1394
448,248,2,696
149,504,5,653
411,491,7,902
939,781,4,1720
364,411,4,775
74,381,6,455
632,954,4,1586
171,428,7,599
895,320,2,1215
380,443,8,823
353,349,5,702
223,851,6,1074
703,234,10,937
495,826,1,1321
861,488,9,1349
252,189,6,441
319,581,6,900
559,51,4,610
514,480,7,994
567,769,1,1336
880,754,3,1634
722,384,2,1106
923,696,9,1619
581,901,3,1482
839,302,6,1141
866,555,6,1421
693,758,10,1451
457,357,5,814
541,267,7,808
397,727,5,1124
762,490,4,1252
257,816,7,1073
296,727,1,1023
699,809,10,1508
384,138,4,522
291,662,1,953
523,686,10,1209
597,361,9,958
524,219,9,743
413,840,1,1253
453,118,5,571
707,381,6,1088
979,613,10,1592
944,680,7,1624
812,945,10,1757
959,833,7,1792
709,760,5,1469
107,407,10,514
417,708,7,1125
750,719,4,1469
733,727,1,1460
986,935,8,1921
756,998,2,1754
618,768,7,1386
507,9,2,516
922,518,1,1440
611,505,7,1116
454,91,5,545
952,342,4,1294
18,74,9,92
552,388,7,940
765,346,1,1111
141,396,8,537
529,828,4,1357
859,76,4,935
297,713,3,1010
534,169,5,703
272,138,6,410
978,713,2,1691
683,566,6,1249
987,586,4,1573
476,806,1,1282
794,85,2,879
772,429,1,1201
493,994,5,1487
954,462,3,1416
119,282,5,401
639,650,4,1289
538,981,5,1519
75,444,2,519
310,339,6,649
430,594,8,1024
731,920,9,1651
369,657,4,1026
329,444,8,773
651,971,5,1622
738,568,10,1306
85,928,4,1013
396,261,5,657
422,81,6,503
150,570,4,720
479,78,4,557
143,224,10,367
366,622,5,988
280,368,7,648
210,486,4,696
751,816,6,1567
391,938,7,1329
768,704,3,1472
472,408,3,880
359,904,2,1263
427,1,5,428
365,573,2,938
896,401,10,1297
254,774,5,1028
874,755,1,1629
380,238,10,618
861,736,10,1597
134,197,4,331
311,297,3,608
864,466,6,1330
500,112,2,612
788,714,4,1502
753,777,4,1530
157,694,7,851
161,780,8,941
453,415,6,868
262,164,7,426
314,634,5,948
684,732,2,1416
283,164,8,447
600,954,1,1554
721,893,8,1614
334,852,9,1186
360,592,7,952
409,196,8,605
126,261,10,387
84,145,7,229
960,62,8,1022
458,674,1,1132
110,694,9,804
445,268,10,713
41,230,8,271
649,844,10,1493
2,927,5,929
758,239,2,997
501,433,4,934
280,859,5,1139
238,493,1,731
933,65,3,998
263,647,2,910
529,80,7,609
289,794,5,1083
552,25,10,577
827,722,5,1549
581,278,5,859
161,448,1,609
264,787,4,1051
988,80,8,1068
535,578,10,1113
168,588,10,756
197,170,9,367
248,0,6,248
428,650,3,1078
207,200,5,407
657,865,3,1522
272,132,4,404
303,756,9,1059
379,970,8,1349
581,275,9,856
233,675,4,908
125,345,9,470
367,29,6,396
19,950,6,969
476,601,7,1077
758,61,9,819
969,40,3,1009
343,538,8,881
217,76,1,293
930,759,9,1689
388,650,4,1038
463,387,7,850
844,425,10,1269
338,68,8,406
468,53,10,521
975,12,4,987
54,775,6,829
128,644,5,772
787,270,10,1057
20,88,4,108
473,199,5,672
197,353,3,550
450,452,7,902
482,267,2,749
998,542,4,1540
75,136,9,211
730,202,8,932
863,267,1,1130
486,798,2,1284
854,827,10,1681
267,5,1,272
127,225,9,352
978,142,2,1120
25,916,5,941
160,10,3,170
334,603,10,937
732,750,8,1482
578,345,9,923
682,570,3,1252
912,438,9,1350
220,37,3,257
522,415,1,937
412,820,7,1232
612,962,5,1574
682,917,2,1599
582,706,5,1288
971,426,2,1397
476,469,7,945
775,164,4,939
873,852,10,1725
987,700,3,1687
169,220,9,389
598,323,1,921
579,804,6,1383
829,647,10,1476
704,268,8,972
157,340,6,497
262,38,1,300
637,73,1,710
136,547,2,683
466,839,4,1305
538,764,6,1302
534,376,3,910
813,426,1,1239
153,702,5,855
721,135,7,856
615,323,9,938
208,600,3,808
21,824,4,845
900,127,10,1027
848,337,8,1185
551,716,7,1267
687,173,7,860
775,394,8,1169
0,588,8,588
116,730,7,846
580,772,5,1352
180,28,9,208
23,902,3,925
635,947,1,1582
174,560,4,734
512,781,4,1293
545,557,2,1102
36,611,6,647
191,645,2,836
847,290,2,1137
229,787,1,1016
913,141,9,1054
75,804,4,879
891,976,2,1867
61,892,5,953
909,685,2,1594
363,638,10,1001
332,211,5,543
793,437,9,1230
152,997,2,1149
807,105,7,912
713,492,3,1205
313,869,4,1182
583,150,7,733
451,582,8,1033
539,383,8,922
51,359,1,410
949,714,8,1663
317,430,8,747
629,652,2,1281
244,556,6,800
249,522,5,771
358,107,5,465
63,408,3,471
42,518,2,560
963,534,5,1497
219,720,9,939
438,36,3,474
566,815,3,1381
568,724,7,1292
527,622,6,1149
258,965,4,1223
498,379,2,877
35,892,7,927
352,259,6,611
351,1,2,352
820,496,5,1316
312,76,7,388
932,303,6,1235
560,813,4,1373
172,415,9,587
864,800,7,1664
886,757,6,1643
18,60,1,78
858,462,5,1320
493,122,1,615
137,91,6,228
478,584,4,1062
605,535,9,1140
658,334,7,992
129,148,9,277
335,246,7,581
326,656,10,982
925,150,4,1075
643,768,10,1411
858,74,5,932
991,50,3,1041
149,469,6,618
924,412,3,1336
887,260,10,1147
186,726,5,912
340,446,5,786
499,992,3,1491
365,989,2,1354
829,689,9,1518
293,867,8,1160
530,473,9,1003
418,209,2,627
973,720,2,1693
969,873,10,1842
551,679,5,1230
108,683,9,791
933,537,9,1470
598,793,7,1391
985,692,3,1677
830,188,7,1018
607,374,6,981
988,546,9,1534
570,688,8,1258
438,797,6,1235
158,638,10,796
559,169,9,728
244,550,1,794
969,172,1,1141
526,672,9,1198
565,125,4,690
501,282,6,783
932,286,1,1218
858,832,5,1690
873,830,5,1703
478,406,4,884
277,309,3,586
372,823,1,1195
662,620,1,1282
627,737,6,1364
325,560,10,885
55,650,5,705
731,928,4,1659
71,894,4,965
521,597,5,1118
67,56,10,123
667,799,4,1466
641,876,10,1517
661,394,3,1055
320,73,1,393
979,133,10,1112
868,306,3,1174
494,931,10,1425
588,509,4,1097
188,33,9,221
378,835,3,1213
51,538,10,589
149,391,10,540
878,959,6,1837
419,774,3,1193
235,66,10,301
669,943,6,1612
986,969,3,1955
134,284,8,418
345,931,8,1276
283,892,8,1175
719,137,2,856
235,966,10,1201
339,815,8,1154
463,827,3,1290
643,233,9,876
326,742,9,1068
230,651,1,881
708,774,5,1482
368,599,5,967
592,426,8,1018
619,747,7,1366
618,190,10,808
271,249,10,520
661,409,1,1070
910,602,5,1512
955,645,4,1600
568,173,9,741
499,352,3,851
142,753,8,895
749,600,3,1349
61,323,2,384
953,962,2,1915
188,865,2,1053
135,763,7,898
701,304,9,1005
429,843,7,1272
675,402,9,1077
85,692,1,777
641,900,10,1541
519,282,7,801
718,170,8,888
379,873,3,1252
199,569,8,768
798,228,6,1026
623,202,3,825
52,24,8,76
470,85,4,555
541,758,9,1299
957,212,2,1169
446,867,7,1313
177,678,8,855
539,77,3,616
295,972,1,1267
232,745,6,977
388,746,4,1134
639,735,3,1374
655,466,4,1121
686,225,5,911
556,953,9,1509
474,761,4,1235
69,372,7,441
587,37,8,624
627,69,1,696
567,480,4,1047
59,894,3,953
802,730,1,1532
483,791,4,1274
474,565,10,1039
931,287,10,1218
747,369,10,1116
420,207,3,627
738,500,1,1238
490,389,1,879
304,730,5,1034
198,107,8,305
614,769,4,1383
631,859,4,1490
517,914,9,1431
233,496,10,729
55,675,6,730
7,828,2,835
799,411,8,1210
861,575,5,1436
101,78,7,179
283,87,7,370
969,873,10,1842
949,190,6,1139
550,967,10,1517
437,996,9,1433
854,621,8,1475
631,608,1,1239
373,410,1,783
113,216,1,329
688,164,4,852
685,472,1,1157
656,307,7,963
485,644,5,1129
257,55,7,312
882,940,8,1822
386,493,5,879
28,928,1,956
369,981,3,1350
81,269,7,350
646,504,9,1150
644,488,5,1132
380,953,4,1333
979,646,1,1625
810,606,10,1416
895,763,6,1658
344,384,6,728
123,361,10,484
809,408,3,1217
694,490,5,1184
911,17,3,928
278,868,2,1146
185,833,5,1018
62,686,6,748
505,436,4,941
989,866,1,1855
950,951,5,1901
113,14,6,127
326,52,5,378
594,505,8,1099
769,137,3,906
309,102,1,411
180,199,9,379
219,412,10,631
266,573,3,839
518,357,5,875
204,491,3,695
691,612,4,1303
643,326,9,969
21,914,10,935
998,782,6,1780
238,597,2,835
99,313,9,412
799,62,5,861
250,296,4,546
661,918,9,1579
379,36,9,415
165,387,5,552
355,99,8,454
834,499,10,1333
202,730,9,932
585,258,9,843
464,632,5,1096
452,829,2,1281
738,842,7,1580
382,174,5,556
189,845,7,1034
413,166,7,579
399,831,9,1230
327,429,1,756
229,684,1,913
987,835,2,1822
473,961,6,1434
896,844,3,1740
597,627,3,1224
127,654,3,781
192,469,9,661
89,12,4,101
991,761,4,1752
127,722,7,849
984,516,2,1500
857,475,10,1332
879,170,4,1049
856,956,1,1812
0,175,9,175
246,89,2,335
327,111,10,438
627,906,2,1533
258,608,8,866
764,943,7,1707
458,335,9,793
526,724,8,1250
836,16,2,852
226,586,2,812
872,988,9,1860
800,489,10,1289
88,878,5,966
292,57,1,349
363,790,2,1153
507,346,2,853
370,538,1,908
167,455,6,622
145,20,8,165
516,975,1,1491
375,123,4,498
355,517,1,872
829,594,5,1423
453,668,3,1121
110,53,5,163
992,979,5,1971
190,161,10,351
682,45,4,727
592,795,7,1387
183,969,6,1152
197,209,3,406
726,340,5,1066
269,632,6,901
150,226,8,376
77,898,4,975
904,615,10,1519
23,363,10,386
606,589,6,1195
63,9,1,72
992,250,10,1242
192,883,6,1075
921,669,5,1590
686,171,5,857
12,971,2,983
503,61,4,564
749,985,10,1734
224,543,3,767
128,210,7,338
690,830,6,1520
22,424,10,446
454,611,7,1065
430,830,7,1260
962,584,8,1546
642,432,8,1074
585,890,10,1475
55,121,10,176
108,889,7,997
250,248,10,498
169,365,6,534
409,989,4,1398
460,262,2,722
807,168,8,975
411,998,6,1409
331,959,10,1290
446,608,7,1054
366,879,3,1245
850,477,3,1327
581,807,8,1388
677,958,3,1635
123,456,4,579
607,873,10,1480
325,562,6,887
730,46,5,776
709,517,5,1226
312,327,4,639
121,998,6,1119
450,174,7,624
865,320,7,1185
187,500,1,687
631,645,10,1276
583,100,2,683
683,129,9,812
392,203,3,595
709,910,10,1619
358,277,10,635
542,664,4,1206
849,558,9,1407
411,693,4,1104
122,765,8,887
959,974,8,1933
738,236,2,974
144,450,10,594
733,788,5,1521
107,711,10,818
755,157,3,912
208,889,8,1097
205,599,4,804
749,410,4,1159
28,905,6,933
272,772,5,1044
429,424,4,853
634,920,6,1554
513,342,5,855
14,397,9,411
309,430,6,739
122,828,10,950
540,175,7,715
264,88,9,352
882,654,2,1536
398,480,1,878
716,920,9,1636
167,45,7,212
278,63,2,341
544,63,6,607
859,529,3,1388
666,926,3,1592
208,805,1,1013
922,52,3,974
31,65,8,96
764,5,8,769
925,440,3,1365
735,126,7,861
336,560,5,896
301,252,9,553
875,969,10,1844
405,367,7,772
290,955,4,1245
547,461,8,1008
668,35,3,703
444,75,9,519
10,924,10,934
575,712,8,1287
934,866,8,1800
687,103,8,790
206,645,2,851
815,793,5,1608
133,868,7,1001
523,722,6,1245
382,453,7,835
727,561,5,1288
864,113,4,977
882,199,3,1081
164,730,2,894
124,596,7,720
872,372,5,1244
72,98,10,170
586,640,9,1226
687,582,7,1269
778,986,4,1764
616,451,7,1067
310,684,3,994
996,737,3,1733
846,18,2,864
995,363,1,1358
676,742,6,1418
746,429,6,1175
735,615,7,1350
752,869,1,1621
726,729,3,1455
189,729,3,918
359,613,9,972
955,402,10,1357
668,706,10,1374
20,383,9,403
374,847,1,1221
522,802,2,1324
716,964,5,1680
509,202,9,711
48,999,1,1047
325,342,10,667
808,125,1,933
866,131,6,997
215,715,9,930
30,153,6,183
379,853,1,1232
571,843,5,1414
250,4,9,254
520,127,6,647
387,853,10,1240
351,942,8,1293
715,231,2,946
657,589,6,1246
15,971,9,986
182,926,1,1108
677,983,9,1660
204,556,8,760
596,522,8,1118
967,67,5,1034
135,348,7,483
558,498,1,1056
822,76,3,898
481,525,3,1006
617,396,4,1013
713,406,9,1119
154,633,9,787
169,668,4,837
170,980,4,1150
275,928,1,1203
725,429,8,1154
175,458,3,633
956,54,8,1010
997,584,2,1581
702,989,8,1691
371,648,3,1019
486,184,5,670
876,336,8,1212
406,624,10,1030
392,979,5,1371
396,681,4,1077
440,468,2,908
582,949,6,1531
612,348,1,960
785,8,5,793
54,936,10,990
600,804,5,1404
793,758,1,1551
557,560,10,1117
881,467,5,1348
376,697,3,1073
587,760,6,1347
793,450,10,1243
536,806,7,1342
495,869,8,1364
599,86,7,685
981,312,6,1293
448,560,1,1008
245,854,9,1099
375,616,3,991
372,512,5,884
293,589,4,882
945,771,9,1716
391,513,9,904
334,342,1,676
595,157,8,752
4,590,4,594
60,373,3,433
422,537,2,959
427,481,9,908
709,294,1,1003
44,612,6,656
936,874,2,1810
170,887,10,1057
832,795,2,1627
75,234,1,309
815,299,9,1114
203,743,2,946
174,580,3,754
917,115,6,1032
127,402,1,529
547,961,8,1508
502,501,8,1003
846,815,1,1661
117,516,3,633
275,757,3,1032
213,282,5,495
211,580,1,791
759,208,6,967
3,359,5,362
166,570,10,736
513,942,6,1455
440,802,1,1242
411,637,8,1048
563,516,7,1079
289,975,4,1264
714,905,1,1619
58,441,8,499
529,657,7,1186
285,736,7,1021
407,840,7,1247
75,701,7,776
660,964,9,1624
458,44,3,502
992,369,10,1361
95,403,8,498
807,294,10,1101
498,174,3,672
887,431,6,1318
880,586,3,1466
559,371,2,930
518,949,7,1467
234,716,7,950
170,640,8,810
251,732,9,983
673,636,3,1309
373,383,10,756
379,652,10,1031
416,324,7,740
672,930,7,1602
484,352,6,836
52,752,3,804
906,350,6,1256
711,84,10,795
122,136,1,258
367,697,8,1064
424,444,5,868
525,489,2,1014
5,188,7,193
390,724,5,1114
709,284,2,993
227,821,1,1048
926,520,6,1446
254,442,4,696
391,186,2,577
894,113,10,1007
404,236,7,640
947,841,6,1788
612,841,10,1453
830,21,4,851
543,926,4,1469
498,69,7,567
839,497,10,1336
861,735,1,1596
499,764,8,1263
217,655,6,872
325,911,7,1236
65,260,10,325
61,663,2,724
370,45,7,415
184,473,2,657
503,227,5,730
959,80,2,1039
803,236,6,1039
347,446,6,793
161,259,7,420
976,342,1,1318
546,253,2,799
366,862,5,1228
463,324,5,787
124,428,8,552
499,893,10,1392
622,889,1,1511
978,140,10,1118
674,146,7,820
640,358,4,998
576,668,9,1244
792,723,5,1515
272,945,8,1217
195,117,10,312
253,889,2,1142
687,880,4,1567
613,417,7,1030
92,779,6,871
266,78,6,344
595,312,7,907
323,598,7,921
507,352,4,859
652,811,7,1463
644,388,8,1032
792,812,2,1604
487,364,10,851
853,150,5,1003
196,162,5,358
450,892,2,1342
751,392,8,1143
696,792,5,1488
729,37,9,766
342,175,3,517
782,578,3,1360
750,784,9,1534
777,112,9,889
604,541,7,1145
494,766,3,1260
990,184,8,1174
702,261,3,963
820,869,10,1689
670,634,10,1304
430,786,1,1216
452,575,1,1027
953,723,10,1676
628,78,9,706
637,353,4,990
241,253,9,494
173,322,5,495
831,111,9,942
144,243,8,387
561,757,8,1318
866,186,3,1052
193,462,6,655
515,113,5,628
872,159,10,1031
512,186,1,698
531,593,1,1124
405,11,1,416
693,817,5,1510
995,802,2,1797
936,29,2,965
488,934,6,1422
23,189,7,212
339,534,6,873
443,701,9,1144
46,918,5,964
841,27,3,868
175,845,7,1020
846,135,2,981
629,879,4,1508
745,191,7,936
957,494,2,1451
593,995,4,1588
779,750,9,1529
653,898,2,1551
232,514,10,746
493,310,8,803
39,461,5,500
720,760,6,1480
150,160,9,310
518,533,8,1051
329,860,8,1189
946,880,1,1826
760,830,2,1590
34,985,1,1019
492,718,5,1210
757,855,6,1612
556,5,8,561
430,765,2,1195
620,929,4,1549
900,666,3,1566
68,451,9,519
535,965,7,1500
905,546,4,1451
747,342,3,1089
724,691,6,1415
480,171,2,651
106,143,6,249
658,837,10,1495
546,369,7,915
415,565,1,980
167,260,4,427
603,509,10,1112
382,136,6,518
356,685,8,1041
615,248,7,863
508,753,6,1261
755,687,1,1442
84,406,9,490
0,755,10,755
255,144,9,399
709,608,8,1317
260,959,8,1219
714,875,3,1589
930,524,1,1454
979,687,6,1666
679,802,6,1481
399,231,9,630
173,909,9,1082
695,354,3,1049
833,125,7,958
191,307,7,498
133,309,7,442
337,46,9,383
781,180,8,961
713,851,9,1564
152,246,5,398
578,39,10,617
196,125,8,321
814,412,5,1226
872,844,7,1716
214,445,1,659
758,652,9,1410
45,33,9,78
303,967,6,1270
243,42,5,285
15,3,4,18
810,475,8,1285
105,107,6,212
83,788,4,871
888,210,5,1098
960,316,8,1276
139,379,5,518
157,982,4,1139
787,460,7,1247
16,967,5,983
361,702,6,1063
114,508,1,622
461,262,10,723
118,707,6,825
977,78,2,1055
776,628,9,1404
380,58,5,438
500,255,10,755
603,796,3,1399
956,726,8,1682
382,569,10,951
662,558,2,1220
338,758,9,1096
504,646,1,1150
580,20,8,600
431,4,10,435
197,97,7,294
362,899,4,1261
481,173,7,654
876,999,6,1875
341,474,9,815
283,834,3,1117
254,708,4,962
425,80,10,505
991,369,3,1360
206,893,10,1099
262,409,3,671
298,395,7,693
327,191,4,518
187,202,10,389
251,788,6,1039
519,538,4,1057
312,829,10,1141
814,644,4,1458
458,922,9,1380
48,437,5,485
20,968,2,988
976,43,10,1019
744,882,3,1626
380,596,2,976
48,820,9,868
887,945,10,1832
403,704,4,1107
171,234,8,405
480,208,9,688
738,34,10,772
104,818,10,922
194,632,3,826
832,583,7,1415
410,494,1,904
222,922,1,1144
507,445,2,952
304,465,6,769
85,723,7,808
752,222,1,974
646,274,4,920
561,193,1,754
359,201,8,560
738,242,3,980
378,434,5,812
837,928,2,1765
942,699,2,1641
402,897,6,1299
266,652,4,918
314,266,4,580
177,504,10,681
99,866,4,965
27,609,5,636
730,415,2,1145
128,31,5,159
314,978,6,1292
6,494,8,500
357,906,6,1263
78,483,6,561
517,205,4,722
8,203,5,211
829,716,1,1545
643,144,4,787
178,956,8,1134
681,592,10,1273
289,831,5,1120
16,217,9,233
528,294,1,822
969,612,4,1581
217,470,5,687
782,799,7,1581
499,89,5,588
316,985,10,1301
209,798,1,1007
356,435,3,791
195,32,4,227
354,536,8,890
544,207,3,751
814,571,6,1385
98,380,2,478
742,457,6,1199
71,249,8,320
553,53,7,606
975,966,4,1941
876,29,10,905
438,181,10,619
17,143,8,160
647,582,7,1229
142,12,4,154
530,683,2,1213
941,505,5,1446
208,655,8,863
889,127,3,1016
39,563,2,602
672,969,5,1641
505,552,4,1057
909,511,7,1420
936,112,1,1048
977,937,2,1914
370,94,5,464
970,451,2,1421
462,376,1,838
67,542,2,609
385,272,5,657
772,679,3,1451
419,726,6,1145
576,463,6,1039
988,149,7,1137
960,523,4,1483
710,26,6,736
545,937,2,1482
911,533,8,1444
576,406,3,982
181,287,5,468
725,401,4,1126
70,674,9,744
991,193,1,1184
728,822,2,1550
402,945,1,1347
157,538,10,695
575,696,7,1271
441,163,5,604
938,912,9,1850
753,330,5,1083
155,642,2,797
763,155,4,918
193,267,5,460
462,606,8,1068
222,555,5,777
70,563,1,633
291,895,1,1186
651,309,2,960
617,934,1,1551
808,3,3,811
634,235,5,869
142,446,9,588
921,80,2,1001
30,891,5,921
772,585,5,1357
641,260,4,901
345,545,7,890
889,771,10,1660
640,152,7,792
682,64,1,746
369,569,3,938
869,316,4,1185
4,506,1,510
138,631,1,769
299,440,8,739
222,516,5,738
90,222,8,312
206,231,1,437
750,269,10,1019
587,627,7,1214
972,182,9,1154
99,787,7,886
761,803,10,1564
732,979,8,1711
232,749,7,981
210,167,10,377
269,694,9,963
668,51,5,719
663,879,10,1542
137,4,3,141
783,262,8,1045
186,370,8,556
861,207,10,1068
233,718,8,951
202,978,4,1180
101,435,1,536
788,313,10,1101
684,915,1,1599
441,434,9,875
722,463,4,1185
577,88,10,665
869,243,6,1112
634,491,5,1125
70,174,2,244
647,248,1,895
119,674,8,793
315,155,2,470
645,107,3,752
307,466,1,773
951,863,8,1814
285,231,5,516
791,789,10,1580
655,490,2,1145
669,891,4,1560
38,396,7,434
242,965,5,1207
581,564,8,1145
851,439,2,1290
687,103,4,790
313,568,7,881
205,241,3,446
985,877,9,1862
990,843,8,1833
574,831,1,1405
254,557,4,811
592,79,8,671
532,167,2,699
815,475,3,1290
840,581,6,1421
707,62,8,769
923,376,7,1299
513,533,1,1046
817,650,10,1467
690,378,4,1068
467,63,8,530
652,342,2,994
427,160,10,587
210,912,6,1122
516,667,6,1183
696,896,1,1592
883,795,6,1678
298,808,2,1106
349,977,1,1326
76,785,4,861
632,44,9,676
275,957,2,1232
987,234,7,1221
573,931,5,1504
271,720,7,991
493,306,5,799
199,732,7,931
729,432,10,1161
975,150,10,1125
481,73,9,554
384,7,2,391
879,374,10,1253
564,42,4,606
63,684,6,747
978,71,4,1049
162,636,2,798
664,91,8,755
21,295,8,316
444,580,1,1024
739,324,10,1063
885,368,10,1253
623,543,4,1166
878,454,8,1332
288,962,4,1250
565,152,9,717
695,219,2,914
432,389,8,821
366,775,2,1141
290,384,9,674
178,259,8,437
451,90,6,541
458,539,3,997
686,335,1,1021
342,661,9,1003
522,506,10,1028
650,654,5,1304
264,246,10,510
600,43,9,643
442,45,5,487
982,565,1,1547
181,254,3,435
573,788,7,1361
522,841,9,1363
253,694,2,947
824,539,9,1363
801,330,2,1131
791,885,3,1676
374,12,8,386
528,32,2,560
103,24,6,127
195,827,1,1022
323,417,8,740
799,285,5,1084
213,351,10,564
36,730,6,766
295,759,9,1054
795,92,3,887
987,920,5,1907
147,542,1,689
322,568,9,890
326,786,2,1112
941,85,8,1026
864,180,8,1044
584,511,2,1095
991,193,2,1184
962,500,6,1462
424,551,10,975
264,363,1,627
669,305,6,974
263,572,4,835
827,281,6,1108
986,82,4,1068
265,417,2,682
838,437,10,1275
853,869,6,1722
207,38,7,245
241,77,5,318
46,713,5,759
979,962,1,1941
573,721,7,1294
857,720,10,1577
924,474,6,1398
220,201,1,421
902,93,9,995
831,418,1,1249
35,653,3,688
334,484,1,818
824,782,5,1606
826,21,10,847
529,295,8,824
477,28,4,505
498,676,7,1174
743,821,1,1564
92,516,8,608
129,320,10,449
968,233,1,1201
343,436,9,779
500,766,7,1266
670,983,7,1653
123,379,4,502
549,276,5,825
430,316,3,746
289,415,10,704
348,957,9,1305
82,429,3,511
804,903,5,1707
948,782,1,1730
495,766,3,1261
831,373,6,1204
873,238,8,1111
146,318,2,464
92,927,4,1019
440,87,2,527
443,178,3,621
963,860,7,1823
719,525,4,1244
838,250,1,1088
502,42,4,544
967,828,2,1795
90,425,5,515
11,487,8,498
869,609,9,1478
834,30,8,864
545,908,3,1453
820,347,10,1167
475,728,10,1203
175,453,3,628
644,797,6,1441
806,197,6,1003
71,450,8,521
156,769,1,925
87,774,7,861
61,6,5,67
732,971,5,1703
264,464,10,728
688,962,6,1650
230,888,7,1118
913,85,1,998
704,851,1,1555
962,523,1,1485
907,417,1,1324
829,928,6,1757
104,839,4,943
775,134,7,909
624,602,10,1226
290,855,1,1145
904,711,9,1615
462,951,2,1413
299,253,10,552
532,851,9,1383
940,437,5,1377
900,914,3,1814
86,704,7,790
565,641,6,1206
497,960,3,1457
643,251,8,894
186,269,5,455
489,498,9,987
917,37,8,954
13,357,5,370
217,332,8,549
332,845,1,1177
837,901,5,1738
925,567,10,1492
137,493,10,630
720,152,9,872
854,123,2,977
481,371,4,852
185,82,6,267
95,93,9,188
685,391,4,1076
530,404,6,934
480,490,3,970
479,354,4,833
919,241,10,1160
357,314,10,671
902,992,6,1894
81,115,5,196
258,738,1,996
227,110,8,337
138,782,3,920
969,601,3,1570
315,704,5,1019
753,679,8,1432
788,207,9,995
74,968,10,1042
874,855,8,1729
671,253,7,924
133,82,7,215
668,673,6,1341
129,42,7,171
639,469,5,1108
884,150,3,1034
438,358,3,796
915,222,1,1137
548,613,7,1161
419,606,7,1025
493,990,5,1483
549,211,6,760
580,66,6,646
860,116,6,976
671,452,9,1123
79,402,5,481
535,902,6,1437
981,690,8,1671
921,734,10,1655
687,988,8,1675
137,88,8,225
322,956,3,1278
986,850,1,1836
111,465,6,576
612,67,2,679
846,626,6,1472
682,458,5,1140
613,414,2,1027
6,741,2,747
989,736,1,1725
90,906,9,996
988,648,10,1636
728,873,10,1601
866,380,7,1246
380,493,1,873
637,714,3,1351
791,589,8,1380
549,933,5,1482
423,517,2,940
836,503,5,1339
659,328,7,987
875,502,1,1377
865,57,7,922
281,359,9,640
290,14,1,304
822,229,8,1051
155,902,9,1057
535,485,8,1020
718,755,6,1473
952,422,6,1374
861,416,3,1277
161,179,9,340
477,323,5,800
532,414,6,946
288,998,8,1286
821,136,6,957
776,257,1,1033
714,556,8,1270
43,385,8,428
48,459,6,507
89,726,8,815
274,335,8,609
164,43,9,207
374,385,1,759
286,980,1,1266
522,70,1,592
44,395,7,439
543,161,8,704
284,374,4,658
971,915,1,1886
193,849,4,1042
927,499,9,1426
707,409,6,1116
243,872,9,1115
380,696,7,1076
24,238,3,262
229,929,5,1158
558,672,4,1230
66,796,10,862
519,282,10,801
77,462,2,539
335,385,4,720
476,159,7,635
484,118,10,602
115,544,2,659
276,109,4,385
441,342,1,783
130,463,2,593
744,129,9,873
725,691,4,1416
317,457,8,774
671,937,5,1608
759,369,3,1128
843,976,9,1819
589,110,7,699
129,553,2,682
486,425,9,911
63,630,2,693
631,536,9,1167
634,171,10,805
842,271,9,1113
499,1,8,500
127,443,8,570
952,28,9,980
459,755,7,1214
849,383,2,1232
951,795,1,1746
497,791,9,1288
715,201,1,916
208,322,10,530
279,851,10,1130
820,967,6,1787
501,816,9,1317
914,412,8,1326
813,844,9,1657
874,611,3,1485
938,23,1,961
590,772,9,1362
569,561,4,1130
508,577,10,1085
407,214,7,621
904,94,10,998
789,17,3,806
907,134,2,1041
811,116,10,927
563,536,6,1099
476,961,9,1437
742,196,7,938
592,947,4,1539
521,913,3,1434
543,5,1,548
474,592,10,1066
250,510,6,760
597,235,9,832
564,961,4,1525
608,682,5,1290
500,102,9,602
813,545,9,1358
355,618,2,973
520,612,4,1132
421,555,9,976
164,305,2,469
458,549,3,1007
409,885,10,1294
104,871,8,975
532,153,8,685
930,117,9,1047
315,140,8,455
257,670,2,927
111,458,6,569
268,535,10,803
623,177,8,800
543,812,10,1355
585,88,7,673
226,262,3,488
681,981,2,1662
710,586,5,1296
400,476,10,876
120,693,6,813
815,423,9,1238
617,688,4,1305
519,746,5,1265
264,34,10,298
751,296,10,1047
692,796,1,1488
168,747,1,915
689,704,10,1393
414,834,8,1248
486,567,1,1053
763,739,9,1502
448,314,9,762
938,373,7,1311
145,969,8,1114
412,423,10,835
632,951,7,1583
126,224,2,350
977,975,3,1952
9,734,5,743
201,635,2,836
630,745,9,1375
697,818,3,1515
707,548,5,1255
86,351,7,437
852,63,6,915
404,633,3,1037
15,428,8,443
840,480,5,1320
145,277,3,422
227,180,9,407
875,472,7,1347
284,29,9,313
52,220,7,272
659,735,9,1394
485,819,4,1304
122,237,2,359
86,456,6,542
953,874,2,1827
66,890,3,956
815,557,10,1372
959,779,3,1738
173,386,3,559
933,793,4,1726
898,128,2,1026
565,867,1,1432
709,146,4,855
940,733,3,1673
104,500,8,604
951,725,9,1676
874,232,3,1106
381,45,7,426
845,358,2,1203
887,455,7,1342
75,978,5,1053
330,10,3,340
148,549,7,697
161,836,3,997
105,873,2,978
885,10,3,895
696,108,6,804
993,394,6,1387
480,52,6,532
856,620,9,1476
115,427,4,542
992,507,2,1499
725,688,7,1413
712,286,2,998
129,187,4,316
838,162,4,1000
512,338,7,850
684,585,9,1269
792,477,8,1269
334,621,4,955
627,305,8,932
302,144,6,446
604,507,5,1111
286,1,7,287
763,226,9,989
308,177,5,485
189,176,4,365
942,365,6,1307
793,811,7,1604
774,568,7,1342
332,245,9,577
905,907,9,1812
888,543,7,1431
96,585,3,681
255,398,4,653
401,663,10,1064
782,916,9,1698
431,841,10,1272
5,746,2,751
617,455,9,1072
563,908,10,1471
211,535,10,746
549,121,5,670
650,553,10,1203
529,922,5,1451
366,790,7,1156
688,735,10,1423
769,477,1,1246
911,124,2,1035
841,894,7,1735
465,593,3,1058
742,205,9,947
585,938,2,1523
16,352,7,368
220,634,4,854
221,370,6,591
67,885,2,952
250,892,3,1142
465,831,7,1296
408,555,9,963
675,454,4,1129
134,341,8,475
22,182,1,204
289,984,3,1273
687,778,7,1465
792,174,6,966
914,610,3,1524
115,161,8,276
201,459,7,660
971,890,7,1861
812,443,4,1255
548,621,4,1169
550,456,10,1006
168,245,10,413
60,648,4,708
848,231,6,1079
139,376,7,515
459,921,8,1380
862,141,3,1003
530,567,2,1097
596,391,10,987
586,474,9,1060
285,350,3,635
891,589,3,1480
823,973,10,1796
205,642,7,847
437,896,6,1333
948,745,4,1693
485,180,4,665
667,356,8,1023
410,246,4,656
473,49,4,522
268,20,10,288
715,440,7,1155
723,573,6,1296
844,546,5,1390
215,945,9,1160
206,906,8,1112
740,432,2,1172
931,986,9,1917
79,953,4,1032
944,168,2,1112
502,384,5,886
600,437,5,1037
650,303,3,953
509,222,1,731
244,828,4,1072
371,708,1,1079
410,997,9,1407
726,649,9,1375
878,318,3,1196
934,148,5,1082
886,422,8,1308
809,807,7,1616
837,266,9,1103
368,323,4,691
868,52,3,920
559,308,4,867
347,48,5,395
140,434,6,574
171,84,3,255
230,488,10,718
137,320,9,457
172,462,2,634
974,165,6,1139
960,813,6,1773
877,712,9,1589
490,240,6,730
265,352,1,617
63,786,1,849
568,175,5,743
37,356,3,393
319,511,8,830
543,397,1,940
778,337,1,1115
468,93,6,561
240,806,7,1046
118,834,2,952
418,289,5,707
183,296,8,479
875,842,10,1717
67,305,5,372
931,539,6,1470
757,218,3,975
498,230,2,728
14,651,10,665
113,858,8,971
420,448,6,868
538,598,2,1136
844,616,8,1460
328,227,10,555
896,982,8,1878
414,421,10,835
569,353,5,922
510,708,1,1218
145,508,2,653
97,982,2,1079
10,484,1,494
590,304,2,894
162,867,8,1029
262,489,9,751
543,880,5,1423
93,489,9,582
757,987,6,1744
924,355,3,1279
614,890,7,1504
747,14,7,761
102,967,2,1069
976,902,1,1878
954,267,5,1221
758,456,7,1214
236,983,6,1219
449,221,5,670
991,669,7,1660
250,834,3,1084
26,5,10,31
519,637,6,1156
932,516,4,1448
25,653,7,678
264,475,5,739
134,651,9,785
130,496,9,626
539,609,1,1148
245,175,8,420
275,596,7,871
192,507,2,699
973,841,8,1814
358,179,10,537
173,216,9,389
815,639,10,1454
137,615,8,752
468,934,4,1402
863,282,7,1145
276,645,6,921
439,291,5,730
973,412,8,1385
522,440,4,962
613,529,6,1142
470,837,1,1307
881,27,9,908
237,493,10,730
784,658,2,1442
630,515,7,1145
106,233,6,339
730,411,6,1141
627,551,10,1178
971,904,1,1875
706,260,1,966
431,464,8,895
995,866,8,1861
707,583,1,1290
815,818,5,1633
308,498,6,806
39,590,6,629
683,868,2,1551
926,124,3,1050
895,244,9,1139
589,856,8,1445
664,607,9,1271
192,24,4,216
902,267,5,1169
913,147,1,1060
661,738,7,1399
644,142,6,786
309,473,3,782
107,732,9,839
696,627,9,1323
4,23,9,27
525,723,7,1248
262,739,7,1001
548,778,7,1326
120,900,9,1020
20,562,1,582
528,530,2,1058
91,515,2,606
602,413,2,1015
982,980,6,1962
765,213,7,978
523,290,10,813
633,322,1,955
518,785,8,1303
813,830,1,1643
80,848,6,928
536,288,2,824
680,49,2,729
282,744,4,1026
262,475,6,737
321,835,3,1156
788,704,8,1492
362,142,10,504
314,453,4,767
155,98,9,253
223,949,3,1172
965,627,5,1592
91,336,1,427
156,658,10,814
666,791,2,1457
544,514,7,1058
585,653,2,1238
469,615,3,1084
904,983,9,1887
470,970,2,1440
832,559,7,1391
126,149,5,275
395,8,4,403
699,431,4,1130
430,746,8,1176
986,340,8,1326
263,521,2,784
979,195,2,1174
236,665,6,901
473,702,4,1175
405,436,6,841
91,733,5,824
737,443,8,1180
28,362,5,390
619,715,8,1334
344,164,8,508
912,645,7,1557
227,825,1,1052
936,375,10,1311
850,929,1,1779
293,874,7,1167
864,292,1,1156
539,467,8,1006
724,825,4,1549
161,957,2,1118
408,369,8,777
786,231,10,1017
426,751,5,1177
593,59,7,652
708,930,7,1638
144,901,10,1045
192,649,9,841
397,26,6,423
436,657,8,1093
123,463,5,586
687,969,1,1656
443,755,5,1198
441,718,9,1159
13,324,1,337
339,316,1,655
999,470,5,1469
589,39,7,628
918,27,7,945
163,596,7,759
747,684,4,1431
647,540,4,1187
704,949,4,1653
756,996,4,1752
208,538,1,746
485,604,7,1089
848,420,1,1268
263,751,3,1014
105,161,7,266
208,425,8,633
929,208,6,1137
105,787,2,892
68,161,3,229
549,119,5,668
283,701,5,984
158,417,10,575
828,651,7,1479
626,744,1,1370
245,371,2,616
994,461,1,1455
719,21,7,740
582,563,6,1145
404,627,3,1031
985,971,7,1956
826,494,5,1320
262,503,8,765
444,0,8,444
356,711,6,1067
429,814,8,1243
287,613,7,900
433,68,8,501
866,333,3,1199
461,632,2,1093
529,624,5,1153
174,488,3,662
170,98,2,268
866,279,3,1145
915,847,4,1762
42,976,5,1018
673,388,10,1061
530,375,6,905
376,884,10,1260
858,489,1,1347
892,395,8,1287
24,663,3,687
456,336,3,792
243,350,8,593
44,747,3,791
961,495,2,1456
282,186,2,468
743,523,5,1266
954,530,6,1484
573,823,10,1396
567,784,3,1351
248,736,4,984
426,723,10,1149
116,484,1,600
251,190,6,441
